Tmean Andrews
0.634420289855073
0.439583333333333
0.450347222222222
0.525925925925926
0.588416075650118
0.774113475177305
0.993498817966903
1.31264775413712
1.61312056737589
1.21359338061466
1.42387706855792
1.45354609929078
1.97458628841608
2.10613425925926
2.27280092592593
2.44787234042553
2.15531914893617
2.13120567375887
1.451536643026
1.31666666666667
1.41784869976359
1.81654846335697
1.76962174940898
1.78770685579196
1.37801418439716
1.1193853427896
1.04964539007092
1.45413711583924
1.39722222222222
1.86335697399527
1.98206018518519
1.65625
1.78611111111111
1.98888888888889
2.22465277777778
2.57470449172577
2.59326241134752
2.73120567375887
2.88125
2.86430260047281
3.08475177304965
3.00189125295508
3.29007092198582
3.05579196217494
2.7789598108747
3.1822695035461
3.22765957446808
3.25224586288416
3.06820330969267
3.1936170212766
3.45034722222222
3.23831018518519
3.32326388888889
3.62565011820331
3.50933806146572
3.22164351851852
3.046875
3.26342592592593
3.60856481481482
3.16261574074074
3.03564814814815
3.06539351851852
3.52199074074074
3.43090277777778
3.65661938534279
3.97118055555556
4.4068287037037
4.4599537037037
4.09917257683215
3.86979166666667
3.87175925925926
3.95035460992908
4.05694444444444
4.31412037037037
4.47884160756501
4.68287037037037
4.48853427895981
4.35300925925926
4.44803240740741
4.77210648148148
4.73055555555555
4.88492063492063
4.94285714285714
5.11462585034014
5.09884259259259
5.17627314814815
5.14699074074074
5.45543981481482
5.41643518518518
5.80972222222222
5.98611111111111
6.14645390070922
6.02256944444444
7.18449074074074
7.15694444444445
6.67372685185185
6.984375
6.753125
6.6125
6.97446808510638
6.87021276595745
6.91595744680851
7.3531914893617
7.85
7.87234042553192
7.52813238770686
7.81347517730497
7.47037037037037
7.64375
7.80729166666667
8.51770833333333
8.203125
8.10520833333334
7.95625
8.25219907407407
8.59675925925926
9.38628841607565
9.12978723404255
9.63936170212766
9.76382978723404
9.57659574468085
9.87399527186761
10.1595744680851
10.2308510638298
10.2797872340426
11.2660756501182
11.6081560283688
11.5583924349882
11.2133101851852
10.9519675925926
11.5381944444444
11.6447916666667
11.8324074074074
11.371875
11.846875
12.4166666666667
12.7385416666667
12.9255787037037
12.5104166666667
12.4979166666667
12.5083333333333
12.5520833333333
12.6319444444444
12.6582175925926
13.1001157407407
12.9771990740741
12.8690972222222
13.6335648148148
13.8091435185185
13.6134259259259
14.1613425925926
14.7301587301587
14.9861678004535
14.7286848072562
14.9790249433107
14.6563492063492
14.3141723356009
14.5752314814815
15.0349206349206
14.7255102040816
14.8969387755102
15.0416666666667
14.5527777777778
14.8417233560091
15.2334467120181
15.2022675736961
15.169387755102
16.0051020408163
16.6
16.7827546296296
16.6377551020408
16.669387755102
16.5265306122449
16.3102040816327
16.6248299319728
16.669387755102
16.396875
16.5826388888889
16.1739583333333
16.5825231481481
16.6788194444444
16.9540816326531
16.8597505668934
17.412358276644
17.5953514739229
17.5756235827664
17.8002267573696
18.169387755102
17.9989795918367
17.8091836734694
17.9336734693878
18.6408163265306
18.9765306122449
19.146875
18.7984126984127
19.1861678004535
18.8418367346939
19.0887755102041
19.2479591836735
20.0173469387755
19.7448979591837
19.9581632653061
19.7040816326531
19.9734693877551
19.7887755102041
19.9408163265306
20.4274376417234
20.3278911564626
20.0040816326531
19.7384353741497
19.8078231292517
19.7430839002268
19.3385487528345
19.7755102040816
19.9489795918367
19.280612244898
19.306462585034
19.6102040816326
19.7408163265306
20.0030612244898
20.2582766439909
20.5277777777778
19.934693877551
19.3071428571429
18.6775510204082
18.7816326530612
18.2816326530612
18.3857142857143
18.2732426303855
17.8510204081633
17.6553287981859
18.1614512471655
17.8869614512472
17.3459183673469
17.2724489795918
16.5534013605442
16.5663265306122
16.3479591836735
16.5734693877551
16.6626984126984
16.5969387755102
16.4856009070295
16.5102040816327
16.5489795918367
16.4295918367347
16.3826530612245
16.3357142857143
16.2475056689342
16.1608843537415
15.859410430839
15.2631519274376
14.7849206349206
14.8133786848073
14.5877551020408
14.3243764172336
13.9043083900227
14.0143990929705
13.9943310657596
13.7020408163265
13.365306122449
13.4255102040816
13.1091836734694
12.4581632653061
12.8632653061225
12.9163265306122
12.9561224489796
12.8255102040816
12.6476851851852
12.5071759259259
12.3596064814815
11.9260416666667
11.765625
11.915625
11.5856666666667
11.0833333333333
10.7086666666667
10.7179138321995
10.4209750566893
10.4008101851852
9.940589569161
10.0013605442177
10.1672335600907
10.1534013605442
9.9
9.48843537414966
9.35717592592593
8.9681712962963
8.73120567375886
8.84814814814815
8.59872685185185
8.29988425925926
8.39420803782506
8.31145833333333
7.93684807256236
7.83730158730159
7.83877551020408
7.56065759637188
7.35600907029478
7.21678004535148
7.01770833333333
6.59490740740741
6.82592592592593
6.30646258503401
6.57314814814815
6.15381944444445
6.303125
6.39208037825059
6.1918439716312
5.99078014184397
6.18723404255319
6.06347517730496
5.97671394799054
5.58628841607565
5.5349537037037
5.62304964539007
5.4349537037037
4.49699074074074
4.16354166666667
3.9068287037037
4.08310185185185
4.15543981481481
3.95405092592593
3.73506944444444
3.67569444444444
3.57199074074074
3.42071759259259
3.63009259259259
3.62523148148148
3.24267139479906
3.03032407407407
2.86678240740741
2.63605200945626
2.6931712962963
2.62534722222222
2.8744212962963
3.26851851851852
3.14768518518519
2.67905092592593
2.33687943262411
2.23587962962963
1.73321759259259
1.7912037037037
1.98132387706856
1.79953703703704
1.43680555555556
1.47553191489362
1.76238425925926
1.93167848699764
2.18238770685579
1.90335648148148
1.96217494089834
1.69408983451537
1.69305555555555
1.41631205673759
1.22434988179669
1.23416075650118
1.05520094562648
1.16524822695035
1.06477541371158
1.46193853427896
1.25532407407407
1.36030092592593
1.12588652482269
1.10694444444444
1.14503546099291