HBVland			
date	Prec.	Temp	Qobs
19810101	0	-1	0.002
19810102	0	-3.6	0.005
19810103	0.2	-8	0.005
19810104	0.1	-10.3	0.005
19810105	0	-15	0.005
19810106	0	-17.6	0.004
19810107	0	-12.8	0.004
19810108	1.2	-4.7	0.004
19810109	1.7	3	0.018
19810110	0	-3.4	0.04
19810111	0	-5.1	0.034
19810112	1.1	1.3	0.035
19810113	0	-4.8	0.041
19810114	11.3	-5.1	0.041
19810115	4.4	-1.2	0.04
19810116	1.4	-4.1	0.038
19810117	1.3	-6.2	0.037
19810118	0.2	-10.2	0.036
19810119	0	-12.3	0.035
19810120	0	-17.7	0.034
19810121	1.7	-7.1	0.033
19810122	1.3	0.1	0.074
19810123	0	-2	0.139
19810124	0	2.8	0.229
19810125	1	-0.2	0.418
19810126	0	-4.7	0.405
19810127	0	-3.2	0.346
19810128	0	-2.2	0.29
19810129	0.2	0.7	0.241
19810130	0	3.2	0.204
19810131	0.1	4	0.184
19810201	0	5.4	0.177
19810202	0	4	0.172
19810203	0	0.6	0.167
19810204	4.4	-0.9	0.199
19810205	0	-3.3	0.25
19810206	7.7	-3.5	0.221
19810207	3.5	-0.2	0.272
19810208	0.2	1	0.414
19810209	0	-2.2	0.436
19810210	0	-8.6	0.385
19810211	0	-3.8	0.332
19810212	0.7	-3.2	0.29
19810213	1.1	-4.6	0.269
19810214	0.5	-4	0.26
19810215	0	-5.1	0.252
19810216	0	-4.4	0.245
19810217	0	-2.4	0.237
19810218	1	-2.9	0.23
19810219	0.1	-5.1	0.223
19810220	1.1	-7.3	0.217
19810221	1.7	-10.1	0.21
19810222	0	-13.1	0.204
19810223	0.7	-9.2	0.198
19810224	3.6	-2.4	0.192
19810225	0	-1.2	0.186
19810226	1.5	-4.7	0.181
19810227	0.1	-5.6	0.175
19810228	0	-7.5	0.17
19810301	0	-3.8	0.165
19810302	0	-2.8	0.16
19810303	0	-5.2	0.155
19810304	1.4	-8.9	0.15
19810305	10.2	-9	0.146
19810306	8	-9.6	0.141
19810307	11.7	-3.6	0.137
19810308	7.2	0.7	0.286
19810309	0.7	3.2	0.889
19810310	0	0.3	1.565
19810311	0	-4.8	1.668
19810312	3.1	-5.7	1.531
19810313	3.3	-2	1.384
19810314	0.1	-10.5	1.249
19810315	0	-9.6	1.126
19810316	0	-8.8	1.013
19810317	0	-6.1	0.91
19810318	0.8	-4.4	0.816
19810319	9.4	-0.1	0.954
19810320	0	-5.2	1.283
19810321	9.2	-5.5	1.217
19810322	0.6	5.5	1.263
19810323	0	4.4	1.452
19810324	4.9	1.1	1.444
19810325	0.8	1.5	1.488
19810326	0	1.1	1.401
19810327	0	-1	1.276
19810328	0	-1.3	1.158
19810329	0	1.3	1.05
19810330	0	1.1	0.951
19810331	0	3.3	0.861
19810401	0	2.9	0.778
19810402	0	3.2	0.702
19810403	0	4.8	0.633
19810404	0	4.4	0.57
19810405	0	4.6	0.512
19810406	0	7.7	0.469
19810407	0	6.2	0.45
19810408	0	4.3	0.437
19810409	0	6.7	0.424
19810410	0	6.6	0.411
19810411	0	7.8	0.399
19810412	0	8.2	0.387
19810413	0	5.8	0.375
19810414	0.1	7.6	0.364
19810415	2.5	4.6	0.373
19810416	0	2.4	0.389
19810417	0	3	0.368
19810418	0.4	4	0.357
19810419	0	4.5	0.349
19810420	0	6.4	0.339
19810421	0	0.6	0.329
19810422	0.9	-1.7	0.319
19810423	0.3	-1.5	0.31
19810424	0	0.9	0.304
19810425	0	2.3	0.302
19810426	0	3.1	0.294
19810427	5	3.3	0.324
19810428	0	1.8	0.376
19810429	4.2	2.7	0.381
19810430	25.3	1.2	0.7
19810501	20.6	0.3	1.533
19810502	1.1	0.6	2.07
19810503	0	0.9	1.865
19810504	0	2.5	1.684
19810505	0	5.1	1.533
19810506	0	8.2	1.394
19810507	0	9.2	1.267
19810508	0	10.6	1.151
19810509	0	12.3	1.044
19810510	0	15.2	0.946
19810511	0	14.7	0.857
19810512	0	12.2	0.775
19810513	0	10.9	0.7
19810514	0	12.5	0.631
19810515	0	13.4	0.568
19810516	0	13.2	0.512
19810517	0	13.6	0.473
19810518	0	15.4	0.456
19810519	0	16.8	0.442
19810520	0	15	0.429
19810521	0	18.1	0.416
19810522	0	18.3	0.404
19810523	0	18	0.392
19810524	0.5	18.1	0.381
19810525	5.5	12.6	0.382
19810526	0	14.2	0.388
19810527	12.4	10.6	0.415
19810528	0	11.3	0.465
19810529	0.2	13.5	0.429
19810530	0	13.4	0.398
19810531	0	15.4	0.384
19810601	0	17	0.373
19810602	0	16.7	0.361
19810603	0.6	16.2	0.351
19810604	0	14.7	0.342
19810605	0	14.5	0.332
19810606	0	15.1	0.322
19810607	4.1	12.3	0.316
19810608	0	13.3	0.312
19810609	1.6	16.9	0.305
19810610	1	14.3	0.299
19810611	0.4	12.8	0.292
19810612	37.7	7	0.38
19810613	0	9.4	0.534
19810614	0	10.5	0.498
19810615	0.8	12.7	0.441
19810616	0.7	12.3	0.395
19810617	0	13.6	0.359
19810618	0	11.8	0.339
19810619	0	12.3	0.328
19810620	0	12.3	0.318
19810621	3.2	12.2	0.312
19810622	0	13.8	0.309
19810623	0	15.8	0.3
19810624	5.9	14.4	0.297
19810625	24.4	12.3	0.368
19810626	17.2	11.4	0.557
19810627	0	13.5	0.666
19810628	5.7	15.1	0.643
19810629	1.3	14	0.635
19810630	20.8	10.4	0.705
19810701	5	12.3	0.892
19810702	0	14.7	0.896
19810703	14.4	14.2	0.916
19810704	0.1	15	1.014
19810705	0.1	15.7	0.945
19810706	0.5	16.2	0.859
19810707	0	16.7	0.782
19810708	0	18.9	0.707
19810709	0	20.2	0.637
19810710	0	19.3	0.573
19810711	0	20.2	0.515
19810712	1.6	20.1	0.473
19810713	2.1	17.2	0.459
19810714	1	15.2	0.453
19810715	0.2	13.2	0.443
19810716	6	14.1	0.44
19810717	29.7	13.2	0.574
19810718	8.4	14.2	0.837
19810719	0.3	15.1	0.892
19810720	0	16.8	0.824
19810721	1.4	15.8	0.755
19810722	0	16.5	0.698
19810723	0	17.2	0.633
19810724	0.4	16.6	0.574
19810725	1.1	17.7	0.527
19810726	0	18.2	0.499
19810727	0	16.5	0.482
19810728	0	17	0.468
19810729	1	16.3	0.455
19810730	0.2	16.5	0.444
19810731	0	19.7	0.432
19810801	0	16	0.419
19810802	1	14.8	0.407
19810803	0.1	15.1	0.397
19810804	0	17.5	0.386
19810805	0	18.4	0.374
19810806	0	19.3	0.363
19810807	12.6	17.3	0.373
19810808	0	15.5	0.391
19810809	0	15.1	0.369
19810810	2.2	16.4	0.357
19810811	0.4	18.4	0.351
19810812	0	19.6	0.342
19810813	0.1	19.8	0.332
19810814	0	18.6	0.322
19810815	0	17.8	0.312
19810816	79.5	12.6	0.647
19810817	9.1	11.6	1.324
19810818	2.8	12	1.449
19810819	0.3	15	1.38
19810820	0	12.9	1.262
19810821	4.5	12.9	1.179
19810822	4.9	12.6	1.174
19810823	0	13.1	1.146
19810824	0.1	11.1	1.049
19810825	0.4	11.8	0.954
19810826	5.5	11.7	0.91
19810827	0	11.3	0.901
19810828	0.1	12.5	0.826
19810829	0	9.7	0.748
19810830	0	12.1	0.675
19810831	0	9.1	0.608
19810901	0	12.3	0.547
19810902	0	11	0.495
19810903	0	12.4	0.463
19810904	0	11.9	0.447
19810905	0	13.7	0.434
19810906	0	15.2	0.421
19810907	0	10.3	0.408
19810908	0	14.2	0.396
19810909	0	14.2	0.384
19810910	0	13.3	0.372
19810911	0	11.5	0.361
19810912	0	11.3	0.35
19810913	0	8.5	0.34
19810914	0	6.7	0.33
19810915	0	8.1	0.32
19810916	0	5.9	0.31
19810917	0	5.1	0.301
19810918	0	6	0.292
19810919	0	8.2	0.283
19810920	10.4	7.8	0.308
19810921	2.9	9.2	0.363
19810922	1.9	11.8	0.359
19810923	0	12.1	0.337
19810924	0	10.7	0.314
19810925	0.2	11.9	0.304
19810926	0	12.1	0.295
19810927	0.2	11.7	0.287
19810928	0.4	14	0.279
19810929	4.9	14.4	0.283
19810930	0	11.3	0.291
19811001	0	12.4	0.281
19811002	0	12	0.272
19811003	2	11.7	0.267
19811004	5.4	10.8	0.278
19811005	0	10.3	0.291
19811006	0	7.8	0.278
19811007	6.1	8.3	0.286
19811008	1.5	7.9	0.307
19811009	0.1	7.1	0.294
19811010	17.8	9.7	0.374
19811011	0	7.3	0.517
19811012	8.6	6.5	0.538
19811013	5.2	5.7	0.622
19811014	0.1	5.3	0.64
19811015	0	4.3	0.582
19811016	0.9	2.3	0.524
19811017	0	3.6	0.478
19811018	0	0	0.425
19811019	12.3	0.6	0.473
19811020	15	6.1	0.743
19811021	0.7	4.8	0.963
19811022	0	2.3	0.919
19811023	3.3	1.3	0.866
19811024	0	2	0.846
19811025	0.4	-0.7	0.777
19811026	1.6	1	0.726
19811027	0	3.8	0.688
19811028	20.5	3.9	0.856
19811029	3.5	4.3	1.257
19811030	2.5	4.2	1.317
19811031	7.7	2.8	1.372
19811101	0	0.8	1.45
19811102	10.3	0.5	1.492
19811103	1.1	-3.2	1.633
19811104	1.7	3.7	1.565
19811105	0.8	3.2	1.513
19811106	0	1.4	1.414
19811107	0	0.2	1.294
19811108	0	-1.3	1.182
19811109	0	-1.3	1.079
19811110	0.5	1.6	0.992
19811111	8.7	3.5	1.048
19811112	0.1	-1.2	1.204
19811113	0	-1.4	1.132
19811114	0.1	-0.7	1.037
19811115	0	-3.6	0.952
19811116	0.8	-1.1	0.87
19811117	3.3	0.6	0.854
19811118	17.9	2.6	1.187
19811119	0.2	1.3	1.658
19811120	15.4	1.1	2.001
19811121	0.9	3.1	2.483
19811122	4.1	-0.2	2.27
19811123	13.8	-0.1	3.018
19811124	14.7	2.3	4.965
19811125	0.4	-2.6	5.708
19811126	0	-6.4	4.339
19811127	12.6	-7.3	3.099
19811128	1.8	0.4	2.814
19811129	0	0.1	3.422
19811130	8.4	-1	3.107
19811201	0.9	-2.2	2.394
19811202	0.2	-4.7	2.051
19811203	1.3	2.2	2.152
19811204	0	0.1	2.414
19811205	0	-5	2.11
19811206	0	-12.2	1.915
19811207	11.5	-12.3	1.758
19811208	5	-4.1	1.614
19811209	2.9	-5.7	1.481
19811210	0	-10.7	1.359
19811211	2.3	-9.7	1.247
19811212	0.3	-9.5	1.145
19811213	0	-17.1	1.05
19811214	0	-18.8	0.963
19811215	0	-11.6	0.883
19811216	0	-16.1	0.81
19811217	0	-19.5	0.742
19811218	0	-11.8	0.683
19811219	0	-15.3	0.643
19811220	1.9	-11.2	0.621
19811221	4.3	-6.4	0.603
19811222	0.7	-3.4	0.585
19811223	0	-2.7	0.567
19811224	11.6	-4.5	0.55
19811225	4.9	-8.9	0.534
19811226	1	-11.4	0.518
19811227	5.4	-7.6	0.502
19811228	0.8	-9.2	0.487
19811229	1.5	-7.6	0.472
19811230	8.5	-2	0.458
19811231	0.5	-1.3	0.445
19820101	3.8	-4.4	0.431
19820102	3.1	-10.3	0.418
19820103	5.9	-9.2	0.406
19820104	0.3	-19.2	0.394
19820105	0.6	-14.8	0.382
19820106	0.4	-15	0.37
19820107	0.4	-17.7	0.359
19820108	0	-21.1	0.348
19820109	0	-17.3	0.338
19820110	0	-8.3	0.328
19820111	0	-7.6	0.318
19820112	0	-12.2	0.308
19820113	0	-9.2	0.299
19820114	0	0.1	0.29
19820115	0	-1.7	0.282
19820116	0	-5.2	0.273
19820117	0	-4.9	0.265
19820118	0	-10.4	0.257
19820119	0.3	-10.4	0.249
19820120	0	-11.6	0.242
19820121	0.4	-14.4	0.234
19820122	2.6	-7.8	0.227
19820123	0.1	-3.6	0.221
19820124	0	-14.4	0.214
19820125	4.7	-4.6	0.208
19820126	5.5	-4.3	0.201
19820127	0.9	-9.3	0.195
19820128	2.4	-13.7	0.189
19820129	1.1	-2.3	0.184
19820130	6.3	-5.5	0.178
19820131	0	-11.7	0.173
19820201	0	-15.2	0.168
19820202	0	-2.8	0.163
19820203	0	-2.3	0.158
19820204	0	-7.4	0.153
19820205	0	-9.8	0.148
19820206	16	-8	0.144
19820207	5.2	-5.4	0.14
19820208	0	-6.5	0.136
19820209	2.8	-3.5	0.131
19820210	0.6	1.3	0.184
19820211	0.2	1.3	0.551
19820212	1.7	1.8	1.743
19820213	0	1.2	3.73
19820214	0	-0.6	4.76
19820215	0	-1.5	3.876
19820216	0	-6.7	2.713
19820217	0	-4.9	1.959
19820218	0	-5.7	1.668
19820219	0	-9.7	1.504
19820220	0	-8.1	1.362
19820221	0	-9.4	1.232
19820222	0	-10.2	1.114
19820223	0	-7.5	1.005
19820224	0	-3.6	0.905
19820225	0	0	0.814
19820226	0.2	-2.2	0.731
19820227	0	-2.4	0.655
19820228	1.4	-2.7	0.586
19820301	4.3	1.8	0.948
19820302	0	2.7	3.071
19820303	14.7	0	6.878
19820304	2.1	-0.8	8.749
19820305	0	-3.3	7.163
19820306	0	-5.1	5.155
19820307	0	0.8	4.348
19820308	0	-2.5	4.399
19820309	0	-3.7	3.278
19820310	3.2	-0.3	2.833
19820311	9.1	0.5	4.182
19820312	2.2	0.9	5.525
19820313	3.6	0.1	4.884
19820314	1.7	0.8	4.237
19820315	0.7	1.6	3.408
19820316	3.1	3	2.812
19820317	5.5	1.6	2.946
19820318	4.1	0.9	3.355
19820319	0	0.7	3.132
19820320	2.2	0.1	2.476
19820321	0	0.2	2.202
19820322	0	-0.1	1.952
19820323	0	1.5	1.778
19820324	0	3.7	1.627
19820325	0	6	1.489
19820326	0	6.4	1.363
19820327	0	4.9	1.246
19820328	0	1.7	1.139
19820329	0	0.4	1.041
19820330	0	1.4	0.951
19820331	0	6.2	0.868
19820401	0	6.6	0.793
19820402	0	3	0.723
19820403	0	4.8	0.659
19820404	0	5.3	0.607
19820405	1	1.9	0.583
19820406	0	4.7	0.579
19820407	12.1	6.4	0.78
19820408	18.5	0.1	1.581
19820409	1.4	-1.1	2.252
19820410	2.5	-0.4	2.109
19820411	0	-1.7	2.052
19820412	3.5	-1.7	1.899
19820413	0.8	0.6	1.812
19820414	0	1.7	1.795
19820415	0	4.5	1.664
19820416	0.2	6.5	1.529
19820417	0	6.4	1.409
19820418	0	5.7	1.293
19820419	0.8	4.9	1.199
19820420	0	4.5	1.125
19820421	0	3.7	1.034
19820422	0	5.9	0.947
19820423	0	7.5	0.867
19820424	0	8.3	0.793
19820425	0	8.8	0.726
19820426	0	6.2	0.666
19820427	1.8	8.5	0.637
19820428	6.9	6	0.73
19820429	7.7	3.2	0.971
19820430	6	5.3	1.214
19820501	1.5	5.8	1.332
19820502	2.7	5.4	1.325
19820503	4.7	4.8	1.365
19820504	2.8	5.6	1.432
19820505	1.6	7.6	1.431
19820506	0	9	1.368
19820507	7.7	7.7	1.367
19820508	0.3	7.6	1.46
19820509	0.9	8.7	1.387
19820510	0	7.1	1.297
19820511	0.5	8	1.2
19820512	0	10.9	1.114
19820513	0	10.7	1.024
19820514	0	9.8	0.94
19820515	0	11.8	0.862
19820516	0	11.5	0.791
19820517	1.9	14.2	0.744
19820518	0	8.2	0.717
19820519	1.8	6.8	0.678
19820520	0.5	6.4	0.663
19820521	0.2	7.6	0.646
19820522	0	10.2	0.628
19820523	5.8	9.2	0.645
19820524	3.2	9.9	0.707
19820525	0	12.7	0.707
19820526	0	14.8	0.656
19820527	1.5	14.6	0.62
19820528	0	14.2	0.607
19820529	0	14.2	0.589
19820530	0	17	0.572
19820531	0	19.8	0.555
19820601	0	19.4	0.538
19820602	0	20.1	0.522
19820603	0	20.7	0.506
19820604	0.5	22.1	0.492
19820605	2.1	21.3	0.48
19820606	0	12.8	0.471
19820607	0	11.9	0.457
19820608	0	11.5	0.443
19820609	1.8	7.6	0.432
19820610	0	8.7	0.422
19820611	1.3	9.4	0.411
19820612	0	8.7	0.401
19820613	0	6.8	0.389
19820614	0	7.6	0.377
19820615	0	9.2	0.366
19820616	0	10.4	0.355
19820617	0	10.7	0.344
19820618	0	12.7	0.334
19820619	0	14.7	0.324
19820620	7.1	12.1	0.319
19820621	3.4	9.4	0.321
19820622	0	11	0.317
19820623	0	13.4	0.308
19820624	0	13.2	0.299
19820625	0	13.9	0.29
19820626	0	15.1	0.281
19820627	0	14.2	0.273
19820628	0	15.4	0.264
19820629	7.6	11.3	0.261
19820630	12	10.6	0.271
19820701	2.3	11.7	0.283
19820702	1.4	13.7	0.277
19820703	13.4	12.4	0.292
19820704	0.5	15	0.315
19820705	0	14.8	0.295
19820706	0	14.2	0.284
19820707	4	15.1	0.279
19820708	0	17.4	0.277
19820709	0	18.2	0.27
19820710	0	20.8	0.262
19820711	0	20.6	0.254
19820712	0	20.2	0.246
19820713	0	18.8	0.239
19820714	0	18.5	0.232
19820715	0	19.3	0.225
19820716	0.8	21.8	0.218
19820717	0	19.9	0.212
19820718	0	19.5	0.206
19820719	0	19.9	0.2
19820720	0	18.9	0.194
19820721	0	16	0.188
19820722	0	15.3	0.183
19820723	0	18.7	0.177
19820724	0	20	0.172
19820725	0	20.7	0.167
19820726	8.8	15.2	0.164
19820727	0	16.1	0.163
19820728	0	17.1	0.159
19820729	0	18.6	0.154
19820730	0	20.6	0.15
19820731	0	21.1	0.145
19820801	0	21	0.141
19820802	0	22.7	0.136
19820803	0	23	0.132
19820804	0	22.6	0.128
19820805	0	23.6	0.125
19820806	0	21.8	0.121
19820807	0	22.7	0.117
19820808	14	22.1	0.116
19820809	5.6	18.9	0.118
19820810	1.3	15.2	0.117
19820811	0	15.8	0.115
19820812	0	17.5	0.111
19820813	3	16.7	0.109
19820814	35.7	13.1	0.137
19820815	0	14	0.178
19820816	0	13.3	0.154
19820817	35.2	14.1	0.225
19820818	4.9	15.4	0.378
19820819	16.8	15.5	0.456
19820820	0.4	12.9	0.543
19820821	0.7	12.7	0.5
19820822	1.2	12.8	0.448
19820823	12.3	13.4	0.463
19820824	6.1	13.4	0.558
19820825	2.3	12.6	0.586
19820826	2.1	13.7	0.563
19820827	14.8	13	0.618
19820828	2.2	13.6	0.744
19820829	1.5	13	0.727
19820830	1.5	13	0.682
19820831	4	14.4	0.657
19820901	2.6	13	0.657
19820902	2.2	11.6	0.642
19820903	4.7	10.8	0.637
19820904	6.6	8.6	0.681
19820905	0	8.1	0.708
19820906	0	7.1	0.647
19820907	12.9	7.5	0.679
19820908	0.5	12.5	0.801
19820909	0	11	0.755
19820910	0	10.6	0.682
19820911	0	11.8	0.614
19820912	1.1	10.6	0.56
19820913	0.4	11.3	0.521
19820914	0.1	11.6	0.481
19820915	0	13.8	0.456
19820916	0	14.3	0.441
19820917	0	12.1	0.428
19820918	0	13.6	0.415
19820919	11.1	13.8	0.464
19820920	2.7	12.1	0.571
19820921	1.9	16.3	0.578
19820922	0	11.9	0.548
19820923	0	8.1	0.494
19820924	0.3	6.6	0.452
19820925	0	10.8	0.435
19820926	0	11.2	0.422
19820927	2.5	11	0.415
19820928	0	9.4	0.414
19820929	2.6	10.7	0.409
19820930	0	10	0.408
19821001	0	11	0.397
19821002	0	10.5	0.386
19821003	0	9.8	0.374
19821004	0	8.6	0.363
19821005	0	9.6	0.352
19821006	0	9.5	0.341
19821007	0.2	9.1	0.332
19821008	0.9	8.7	0.324
19821009	0.6	7.7	0.319
19821010	0	4.4	0.313
19821011	0	4.2	0.304
19821012	0	4.4	0.294
19821013	1.8	6.9	0.289
19821014	7.6	7.4	0.32
19821015	0.1	5.4	0.362
19821016	0	2.4	0.333
19821017	0	0.3	0.312
19821018	0	0.7	0.301
19821019	13.2	0.8	0.368
19821020	9.7	6.9	0.559
19821021	0	6.7	0.657
19821022	0.5	4.2	0.608
19821023	0.9	8.9	0.556
19821024	0	6.3	0.508
19821025	7.5	2.4	0.514
19821026	0.6	4.6	0.58
19821027	0.5	4.7	0.547
19821028	1.5	5.5	0.51
19821029	0	7	0.48
19821030	0	8.1	0.435
19821031	1	6.3	0.41
19821101	3.5	6.5	0.423
19821102	0	7.6	0.44
19821103	0	5	0.416
19821104	0	0.7	0.402
19821105	0	-3	0.39
19821106	0	-1.2	0.378
19821107	0	-0.4	0.367
19821108	0	-0.4	0.356
19821109	0.4	5.6	0.346
19821110	3	8.9	0.355
19821111	0	8.4	0.369
19821112	0	6.9	0.351
19821113	11.1	7.2	0.435
19821114	0.7	4	0.595
19821115	0.1	2.8	0.572
19821116	4.5	3.4	0.56
19821117	0	1.7	0.589
19821118	3.1	0	0.571
19821119	0.3	3.9	0.577
19821120	2.8	2.7	0.562
19821121	7.8	-1.2	0.563
19821122	2	4.9	0.608
19821123	1.9	6.7	0.752
19821124	13.8	6.1	0.925
19821125	11.6	3.3	1.347
19821126	7.2	5.1	1.69
19821127	11.2	4.2	2.105
19821128	14.9	2.9	3.245
19821129	0	1.1	4.054
19821130	0	-0.9	3.083
19821201	0	1.8	2.277
19821202	0	-0.4	1.935
19821203	0	0	1.757
19821204	0.4	1	1.614
19821205	4.8	2.3	1.573
19821206	0.2	1.9	1.604
19821207	0	-1.8	1.494
19821208	1.4	-7	1.367
19821209	3.3	-0.2	1.329
19821210	11.9	2	1.585
19821211	13.7	1.6	2.549
19821212	0	-3.4	3.387
19821213	0	-8.5	2.646
19821214	0.7	-7.1	2.099
19821215	11.9	0.1	2.446
19821216	0	0.1	3.064
19821217	0	-5.4	2.438
19821218	0.5	-4.6	2.039
19821219	4.3	0	1.948
19821220	4.4	0.6	2.061
19821221	0	2	2.087
19821222	0.2	2.9	1.942
19821223	1.5	-0.5	1.82
19821224	1.8	-0.1	1.768
19821225	0	0.2	1.7
19821226	0	3.6	1.569
19821227	0	0.4	1.438
19821228	0	-1.2	1.319
19821229	0	-2.5	1.209
19821230	0	-4	1.108
19821231	0	0.8	1.015
19830101	1.5	3.1	0.961
19830102	0	1.8	0.94
19830103	2.8	-2.9	0.869
19830104	22.4	1.5	1.473
19830105	0.1	0.5	2.49
19830106	0.2	5.3	2.188
19830107	0	3.8	1.982
19830108	0	1.4	1.821
19830109	0.2	1.4	1.676
19830110	0	1.3	1.548
19830111	0	3	1.422
19830112	1.4	6.2	1.336
19830113	9.8	4.6	1.502
19830114	0	-1.1	1.798
19830115	0.3	-6.7	1.705
19830116	3.1	-6.8	1.566
19830117	5.4	-7.8	1.438
19830118	9.6	-2.7	1.321
19830119	0	-7.8	1.213
19830120	1.5	-7	1.113
19830121	0	2.6	1.381
19830122	0.1	-2	1.948
19830123	0	2.7	1.882
19830124	2.2	-1	1.732
19830125	0	2.8	1.632
19830126	0	4.2	1.576
19830127	0	4.9	1.458
19830128	4.1	1.3	1.433
19830129	5.5	-2.4	1.493
19830130	0.8	-2	1.395
19830131	1	-6.3	1.282
19830201	8.1	-4.4	1.178
19830202	0	-8.4	1.082
19830203	0	-12.7	0.994
19830204	0	-8.6	0.913
19830205	0	-4.6	0.839
19830206	0	-4.1	0.77
19830207	0	-7.1	0.71
19830208	0	-7.9	0.667
19830209	0	-10	0.645
19830210	0.4	-6.3	0.626
19830211	0.2	-5	0.607
19830212	0	-10.1	0.589
19830213	0	-3.7	0.571
19830214	0	-6.5	0.554
19830215	0	-1.9	0.537
19830216	0	-2.1	0.521
19830217	0	-3.5	0.506
19830218	0	-2.4	0.49
19830219	0	-3.4	0.476
19830220	0	-3.4	0.461
19830221	0	-7.9	0.448
19830222	0	0.7	0.608
19830223	0	-3	0.899
19830224	0	-3.4	0.86
19830225	0	-0.9	0.781
19830226	0	-5.6	0.71
19830227	0	-3.3	0.642
19830228	0	-4.2	0.579
19830301	0	-6.8	0.525
19830302	0	-10.3	0.488
19830303	0	-2.8	0.471
19830304	1.1	1.2	0.579
19830305	0	1.1	0.775
19830306	2.8	-2.2	0.734
19830307	0	-1.1	0.664
19830308	0.5	-2.2	0.6
19830309	3.8	-0.5	0.687
19830310	7.3	-2.1	0.895
19830311	0	-3.8	0.85
19830312	0	-6.6	0.772
19830313	0	2	0.84
19830314	0	2.7	1.027
19830315	14.9	4.5	1.318
19830316	0	1.4	1.861
19830317	0.1	1.9	1.792
19830318	3.5	3.2	1.726
19830319	0	3.5	1.733
19830320	0	0.2	1.607
19830321	11.6	-0.3	1.762
19830322	3.9	0	2.321
19830323	0.4	-0.2	2.408
19830324	0	-2.7	2.084
19830325	9.3	-1	1.889
19830326	0	-0.8	1.739
19830327	0	-2.8	1.609
19830328	0	0.9	1.634
19830329	0.7	-1.4	1.796
19830330	2.4	0.6	1.752
19830331	0.2	3	1.735
19830401	0.2	1.6	1.62
19830402	11.1	0.4	1.739
19830403	3.6	0.5	2.158
19830404	11.4	1.7	2.959
19830405	3.1	-0.2	4.071
19830406	0.1	1.9	3.586
19830407	1.7	2.3	2.763
19830408	0.5	2.8	2.34
19830409	0	2.4	2.076
19830410	0	5.3	1.898
19830411	0	3.3	1.742
19830412	0.3	0.1	1.605
19830413	0	0.3	1.484
19830414	0	0.3	1.364
19830415	0	3	1.251
19830416	0	5.8	1.148
19830417	0	6.9	1.053
19830418	0	7.8	0.965
19830419	0	6.9	0.885
19830420	0	7.7	0.811
19830421	0	8	0.744
19830422	1.2	5.9	0.701
19830423	11.7	5.9	0.867
19830424	0.2	7	1.161
19830425	0.4	7.1	1.125
19830426	0	8.2	1.045
19830427	0	6.4	0.961
19830428	5	2.7	0.954
19830429	0	5.2	1.014
19830430	15.5	4.3	1.18
19830501	0	5.6	1.52
19830502	0	6.5	1.454
19830503	0	7.7	1.335
19830504	0	7.5	1.227
19830505	0	7.8	1.127
19830506	0	8.6	1.035
19830507	0	10.7	0.95
19830508	0	10.1	0.872
19830509	0	10.3	0.801
19830510	0.3	11.6	0.739
19830511	0.8	9.3	0.693
19830512	10.4	10.1	0.764
19830513	0.4	10.3	0.916
19830514	0	11	0.877
19830515	0	11.3	0.806
19830516	9.7	12.6	0.834
19830517	0.2	13.5	0.945
19830518	0	14.2	0.895
19830519	0	13.6	0.823
19830520	5.7	10.5	0.802
19830521	0.2	13.5	0.826
19830522	0	12.8	0.773
19830523	0	12.8	0.713
19830524	0	13.1	0.671
19830525	0	12.2	0.649
19830526	0.5	10.9	0.631
19830527	12.5	10.6	0.679
19830528	0.1	11.3	0.77
19830529	0.1	12.9	0.725
19830530	2.6	11.3	0.68
19830531	0.1	11	0.654
19830601	4.5	13.2	0.635
19830602	5	10.9	0.656
19830603	0	12.8	0.66
19830604	8.8	11.5	0.663
19830605	2.1	8.3	0.71
19830606	0	10.8	0.685
19830607	0	14.6	0.639
19830608	0	16.6	0.613
19830609	26	16.2	0.729
19830610	14.4	12.4	1.044
19830611	0	13.3	1.179
19830612	0	15.2	1.105
19830613	0	17.1	1.012
19830614	5.6	15.4	0.959
19830615	0	15.7	0.94
19830616	0	15.2	0.869
19830617	0	14.5	0.796
19830618	0	16.4	0.728
19830619	0	19	0.667
19830620	0.4	19.6	0.624
19830621	0	13.7	0.604
19830622	0	14.2	0.586
19830623	0	18.7	0.568
19830624	16.6	15.8	0.593
19830625	0	13.5	0.64
19830626	0.5	14.4	0.599
19830627	1.1	14.7	0.563
19830628	19.3	12.5	0.606
19830629	7.4	13.5	0.719
19830630	2.3	13.1	0.744
19830701	14.4	12.7	0.778
19830702	2.8	14.1	0.864
19830703	1.5	14.1	0.843
19830704	0.8	14.4	0.793
19830705	0	17.3	0.733
19830706	0	18.6	0.669
19830707	0	20.5	0.615
19830708	0	22.4	0.579
19830709	0	23.6	0.56
19830710	0	24.1	0.543
19830711	0	24.8	0.527
19830712	14.2	22.1	0.54
19830713	0	17.8	0.566
19830714	0	15.8	0.532
19830715	0	17.9	0.51
19830716	0	16.3	0.494
19830717	8	15.3	0.488
19830718	0.8	16.3	0.49
19830719	0	15.3	0.476
19830720	0.2	12.2	0.462
19830721	0	13.3	0.448
19830722	0	15.3	0.435
19830723	0	18.8	0.422
19830724	0	18.4	0.409
19830725	0	19.3	0.397
19830726	0	19.7	0.385
19830727	1.2	19.6	0.374
19830728	0	18.8	0.364
19830729	0.2	15.6	0.354
19830730	0	16.9	0.343
19830731	0	15.8	0.333
19830801	0.1	17.7	0.323
19830802	0	19.2	0.313
19830803	0	16.6	0.304
19830804	0	13.3	0.295
19830805	0	15.5	0.286
19830806	0	18	0.278
19830807	0.1	20.1	0.269
19830808	0.8	20.7	0.261
19830809	0	22.1	0.254
19830810	0	21.2	0.246
19830811	0	20.5	0.239
19830812	14.4	12.6	0.236
19830813	0	11.7	0.237
19830814	0	11.8	0.231
19830815	1.5	16.3	0.224
19830816	1	16.6	0.219
19830817	1.4	14.5	0.214
19830818	0.1	13.8	0.208
19830819	0	17.9	0.202
19830820	0	16.9	0.196
19830821	0	18.1	0.19
19830822	0	19.1	0.185
19830823	0.7	17.7	0.179
19830824	0	12.8	0.174
19830825	0	13.1	0.169
19830826	0	18.8	0.164
19830827	0	18	0.159
19830828	0	14.4	0.154
19830829	0	13.4	0.15
19830830	0	14.7	0.145
19830831	0	17.7	0.141
19830901	0	16	0.137
19830902	11.8	19.8	0.135
19830903	4.3	17.6	0.137
19830904	4.6	15.1	0.137
19830905	7.8	13	0.139
19830906	19.2	10.7	0.157
19830907	10.2	8.5	0.195
19830908	0	10	0.204
19830909	10.7	10.5	0.201
19830910	9.7	11.1	0.244
19830911	46.5	13.3	0.508
19830912	1.9	12.9	0.926
19830913	5.2	12.8	0.953
19830914	2.5	12.1	0.948
19830915	19.3	12.2	1.053
19830916	5.2	14.1	1.301
19830917	63.6	10.8	3.49
19830918	0.7	12.9	6.832
19830919	0	13.7	5.462
19830920	0	12.9	3.847
19830921	3.1	10.5	2.831
19830922	9.5	9	2.715
19830923	2.1	8.9	2.918
19830924	14.1	8.2	3.086
19830925	0	5.4	3.58
19830926	0	11.9	2.688
19830927	0	14.5	2.011
19830928	0	7.3	1.786
19830929	0	5.5	1.629
19830930	0	4.6	1.484
19831001	0	4.7	1.352
19831002	0	5.7	1.231
19831003	0	8.7	1.12
19831004	1	12	1.032
19831005	4.3	13.2	1.023
19831006	0.2	7.7	1.049
19831007	2.3	5.7	1.005
19831008	1.3	4.5	0.993
19831009	0	3.5	0.945
19831010	8.3	3.5	0.981
19831011	3.3	5.8	1.162
19831012	0.8	4.8	1.191
19831013	1.9	8	1.148
19831014	0.4	10.3	1.109
19831015	0	9.4	1.029
19831016	4.2	9.6	1.001
19831017	2.6	8.7	1.067
19831018	7	8.5	1.167
19831019	1.4	8.6	1.297
19831020	0	5.4	1.252
19831021	0	3.8	1.15
19831022	0	6.2	1.051
19831023	0	7.6	0.96
19831024	0	4.7	0.876
19831025	4.7	0.5	0.871
19831026	0	10.7	0.929
19831027	0	10.2	0.866
19831028	0	2.6	0.791
19831029	0	1.3	0.722
19831030	0.1	6.8	0.66
19831031	0	8.2	0.612
19831101	0	6.8	0.582
19831102	0	6.5	0.563
19831103	5	3.4	0.61
19831104	1.7	5.4	0.724
19831105	0.2	6.3	0.729
19831106	0	9	0.676
19831107	0	8.4	0.616
19831108	1.2	8.4	0.578
19831109	1.1	2.7	0.577
19831110	0	0.5	0.573
19831111	0	-1.7	0.557
19831112	0.1	-1.7	0.54
19831113	0	-4.2	0.524
19831114	7.4	0.7	0.613
19831115	1	1.9	0.793
19831116	0	-1.8	0.779
19831117	0	-5.4	0.712
19831118	0	0.7	0.647
19831119	0	2.1	0.587
19831120	0	3	0.543
19831121	0.1	-3.6	0.523
19831122	0	-9	0.508
19831123	0.1	-5.8	0.492
19831124	0	-0.1	0.479
19831125	1.5	3.9	0.479
19831126	1.5	2	0.502
19831127	0	-3.6	0.506
19831128	0	-5.2	0.48
19831129	0	-8	0.464
19831130	0	-7.7	0.45
19831201	0	-10.5	0.436
19831202	2.5	-2.1	0.423
19831203	0	2.3	0.432
19831204	6	0.9	0.546
19831205	0.1	4.7	0.686
19831206	0	-0.6	0.646
19831207	0.2	-3.4	0.581
19831208	3.1	0.8	0.577
19831209	1.9	-3.5	0.623
19831210	0	-13.1	0.575
19831211	0	-12.4	0.519
19831212	0	-9.2	0.479
19831213	0	-1.4	0.462
19831214	0	1	0.463
19831215	0	-3.6	0.472
19831216	0	-4.3	0.452
19831217	5.2	-3.3	0.437
19831218	0	-5	0.424
19831219	3.2	-2	0.412
19831220	16.5	-0.9	0.679
19831221	5.2	-1.9	1.162
19831222	0.6	0.7	1.3
19831223	3.3	1.1	1.617
19831224	0.2	-2.7	1.721
19831225	7.8	-8.5	1.597
19831226	0.3	-1.4	1.456
19831227	2	-1.9	1.327
19831228	0	2.8	1.37
19831229	0.5	0.5	1.564
19831230	10.1	2.4	1.689
19831231	0	0.3	1.93
19840101	0	4.4	1.815
19840102	3.7	1	1.735
19840103	14	0.8	2.372
19840104	0	-4	3.161
19840105	4.6	-6.9	2.491
19840106	0	-2.8	2.022
19840107	6.4	-2.5	1.826
19840108	7.7	-2.2	1.671
19840109	0.1	-9.7	1.529
19840110	2	-13.8	1.399
19840111	2.2	-1	1.279
19840112	1	2.8	1.787
19840113	3.7	1.4	2.888
19840114	0.4	1.1	2.79
19840115	0.1	-3.4	2.236
19840116	0.4	-2.4	1.97
19840117	6.8	-1.7	1.801
19840118	1.3	-2.2	1.65
19840119	0	-11.7	1.512
19840120	0	-15	1.385
19840121	0	-16.7	1.269
19840122	0.4	-8.7	1.162
19840123	0	-11.1	1.063
19840124	0	-16	0.973
19840125	1.8	-9.7	0.89
19840126	1.5	-12.1	0.814
19840127	0.8	-15	0.744
19840128	1.9	-5.8	0.68
19840129	4	-2.8	0.628
19840130	4.5	-1.1	0.598
19840131	4.2	0.2	0.766
19840201	0.5	0.3	1.25
19840202	2.5	0.3	1.735
19840203	7.3	0.1	2.443
19840204	4.9	0.7	3.242
19840205	3.7	1.5	3.497
19840206	6.1	0.9	3.658
19840207	4.6	-0.8	4.002
19840208	0.1	-2	3.694
19840209	0	-9	2.763
19840210	0	-9.5	2.174
19840211	0	-2.6	1.956
19840212	0	-1.3	1.796
19840213	0	0.4	1.65
19840214	0	-3.9	1.517
19840215	0	-6.4	1.393
19840216	0	-5.8	1.278
19840217	0	-5.9	1.172
19840218	0	-4.8	1.075
19840219	0	-9.7	0.985
19840220	0.5	-6.9	0.903
19840221	0.4	-2.4	0.828
19840222	1.4	-4.1	0.759
19840223	0.6	-3	0.695
19840224	0	-3.4	0.647
19840225	0	-4.4	0.622
19840226	0	-5	0.603
19840227	1.3	-1.9	0.585
19840228	0	-3.3	0.568
19840229	2.1	0.1	0.666
19840301	7.4	-1.2	0.848
19840302	0	-6.2	0.804
19840303	2	-2.2	0.733
19840304	0	-0.7	0.689
19840305	0	2.5	0.82
19840306	0	0.9	1.045
19840307	0.1	0.1	0.996
19840308	0	-1.1	0.915
19840309	1.5	-4.3	0.837
19840310	0.4	-2.4	0.764
19840311	0	-1.7	0.698
19840312	0	-2.5	0.639
19840313	0	-2.3	0.597
19840314	0	-6.2	0.577
19840315	0	-4.7	0.559
19840316	0	-4.2	0.542
19840317	0	-6.4	0.526
19840318	0	-7.9	0.51
19840319	0	-6.7	0.495
19840320	0	-3.1	0.48
19840321	0	-4	0.466
19840322	0	-5.2	0.452
19840323	0	-8.1	0.438
19840324	0	-10	0.425
19840325	0	-6.1	0.412
19840326	0.6	-4.5	0.4
19840327	0.6	-2.5	0.388
19840328	2.5	-3.2	0.376
19840329	6.5	-0.3	0.582
19840330	0.2	2.3	0.983
19840331	0	0.5	1.001
19840401	0	-0.5	0.913
19840402	0	-1.1	0.825
19840403	1.4	-0.5	0.776
19840404	6.8	1.3	0.912
19840405	0	1.7	1.122
19840406	0	1.9	1.057
19840407	0	3.1	0.96
19840408	0	5.3	0.87
19840409	0	4.7	0.789
19840410	0	3.3	0.714
19840411	0	4.1	0.645
19840412	0	3.4	0.582
19840413	0	4.5	0.527
19840414	0	6.7	0.49
19840415	0	8.8	0.473
19840416	0	7.4	0.459
19840417	0	5.1	0.445
19840418	0	4.2	0.432
19840419	2.4	4.3	0.449
19840420	1.7	4.8	0.507
19840421	0.2	3.8	0.521
19840422	0	8.2	0.482
19840423	0	7.3	0.448
19840424	0	9.3	0.432
19840425	0	9.9	0.419
19840426	0	5.2	0.407
19840427	0	4.4	0.394
19840428	0	7.1	0.383
19840429	0	11.5	0.371
19840430	0.2	13.5	0.361
19840501	0	11.4	0.352
19840502	0	12.3	0.342
19840503	0	10.8	0.331
19840504	0	10.7	0.321
19840505	0	11.2	0.312
19840506	0	9.8	0.302
19840507	1.3	7.1	0.298
19840508	0.2	5.7	0.297
19840509	0.1	3.8	0.291
19840510	0	3.6	0.283
19840511	0	6	0.275
19840512	0	9	0.266
19840513	0	11.8	0.258
19840514	0.3	12.2	0.251
19840515	0.5	10.8	0.247
19840516	0	13	0.242
19840517	0	15	0.235
19840518	0.1	14.9	0.228
19840519	9.2	14.3	0.261
19840520	0.2	14.5	0.316
19840521	0	16.1	0.286
19840522	0	17	0.259
19840523	2.5	15	0.253
19840524	2.7	11.4	0.258
19840525	1.5	10.7	0.262
19840526	10.2	12.6	0.294
19840527	0.5	14.9	0.341
19840528	0	13.9	0.314
19840529	0	14.3	0.29
19840530	0	14.1	0.279
19840531	0	15.9	0.271
19840601	0	16.9	0.263
19840602	27.5	15.3	0.351
19840603	0	17.3	0.506
19840604	4.1	18.5	0.488
19840605	0	17.8	0.462
19840606	0	14.9	0.41
19840607	0	15	0.36
19840608	0.5	13	0.328
19840609	1	8	0.318
19840610	3.3	8.2	0.314
19840611	0	9.1	0.312
19840612	0.2	13.1	0.304
19840613	10.4	11.9	0.317
19840614	11.6	12.6	0.379
19840615	0	12.2	0.419
19840616	0	13.8	0.378
19840617	2.4	15.3	0.346
19840618	0	16.2	0.338
19840619	0.1	16.6	0.329
19840620	0	17.3	0.32
19840621	11.6	16.1	0.333
19840622	1.8	14.6	0.359
19840623	20.6	11.5	0.406
19840624	9.2	11.7	0.543
19840625	1.9	12.7	0.59
19840626	4.2	13.4	0.574
19840627	15.2	12.2	0.633
19840628	5.6	12.2	0.759
19840629	4.4	13.7	0.793
19840630	5.1	14.1	0.806
19840701	2.8	13.9	0.811
19840702	3.4	13.6	0.794
19840703	0.2	12.6	0.761
19840704	0	13.4	0.695
19840705	0.1	12.9	0.627
19840706	0	14.1	0.565
19840707	0	16	0.508
19840708	0	15.9	0.468
19840709	0	19.8	0.451
19840710	0	19.9	0.437
19840711	0	19.1	0.424
19840712	9.8	16.5	0.436
19840713	5.7	16	0.481
19840714	3	16.5	0.493
19840715	26.4	15.9	0.6
19840716	0	16.5	0.791
19840717	2.5	17	0.762
19840718	1.8	15.9	0.725
19840719	2.4	15.5	0.69
19840720	1	17.3	0.654
19840721	10.1	13.9	0.657
19840722	0.1	14.4	0.696
19840723	0.9	13.9	0.649
19840724	0.6	15.9	0.599
19840725	5.6	15.6	0.576
19840726	1.5	14.9	0.582
19840727	0.8	11.9	0.553
19840728	0.5	15.5	0.522
19840729	0	15.9	0.507
19840730	0	16	0.492
19840731	0	17.9	0.477
19840801	0	19.8	0.463
19840802	0	19	0.449
19840803	0	18.5	0.435
19840804	26.9	18.4	0.52
19840805	1.4	18.1	0.681
19840806	4.3	19.1	0.674
19840807	0	16.6	0.648
19840808	0	15.8	0.589
19840809	0.9	15.7	0.533
19840810	0	15.9	0.492
19840811	0	14.3	0.465
19840812	3.8	16.5	0.455
19840813	0.5	16.1	0.452
19840814	0.4	14.4	0.442
19840815	0	14.4	0.429
19840816	0.1	13.1	0.417
19840817	0	13.2	0.405
19840818	0	13.7	0.392
19840819	0	15.8	0.381
19840820	0	17.6	0.369
19840821	0	18.2	0.358
19840822	0	18.5	0.347
19840823	0	18.6	0.337
19840824	2.8	13.3	0.329
19840825	0	9.3	0.324
19840826	0	9	0.315
19840827	0	11	0.305
19840828	0	13.5	0.296
19840829	8.1	14.6	0.294
19840830	3.7	14.8	0.302
19840831	1.5	14.7	0.302
19840901	0.2	11.5	0.297
19840902	0.6	10.4	0.289
19840903	0.3	11.6	0.282
19840904	0	7.9	0.274
19840905	0	9.5	0.266
19840906	0	8.9	0.258
19840907	0	13.5	0.25
19840908	0.9	11.7	0.243
19840909	0.3	12.6	0.237
19840910	7.9	11.2	0.237
19840911	6.4	10.6	0.249
19840912	6.8	10.5	0.263
19840913	7.3	8.7	0.286
19840914	2.3	10.9	0.301
19840915	0.2	10.7	0.292
19840916	0.8	10.9	0.285
19840917	0	11.1	0.278
19840918	1.9	10.1	0.273
19840919	24	8.9	0.36
19840920	2.9	9.2	0.523
19840921	2.5	8.8	0.529
19840922	18.6	12	0.611
19840923	4.8	11.7	0.799
19840924	14.7	10.6	0.925
19840925	25.3	10.7	1.305
19840926	6.7	9	1.747
19840927	2.5	7.7	1.819
19840928	0.3	6.3	1.732
19840929	0	6.1	1.591
19840930	2.8	5.4	1.48
19841001	8.4	10.2	1.503
19841002	0.6	12.7	1.567
19841003	7.6	14	1.556
19841004	3.1	12.4	1.63
19841005	8.1	10.4	1.683
19841006	1.5	11.8	1.757
19841007	1.5	10.8	1.685
19841008	5.6	9.6	1.652
19841009	0	9.6	1.65
19841010	0	9.2	1.524
19841011	0	10.1	1.391
19841012	0	5.9	1.269
19841013	12.7	4.4	1.323
19841014	0	6.8	1.522
19841015	0	6.3	1.432
19841016	0	3.9	1.308
19841017	0	9.9	1.194
19841018	15.6	5.5	1.308
19841019	3	10.2	1.652
19841020	5.1	10	1.726
19841021	3.5	8	1.789
19841022	0.1	3.4	1.759
19841023	16.3	3.7	2.034
19841024	0.1	4.5	2.489
19841025	20.5	6.5	3.171
19841026	2.9	8.2	4.722
19841027	0.4	7.5	4.037
19841028	0	3.6	2.967
19841029	2.4	4.2	2.288
19841030	4.3	9.4	2.2
19841031	6.9	7.7	2.514
19841101	0	7.7	2.697
19841102	0	11.1	2.187
19841103	0	8	1.959
19841104	0.2	6.2	1.8
19841105	5.8	5.6	1.766
19841106	0	3.3	1.824
19841107	13.2	3.2	2.091
19841108	1.1	5.5	2.548
19841109	0	2.3	2.221
19841110	0	1.8	1.998
19841111	0	2.9	1.832
19841112	0.2	3.4	1.685
19841113	0	0.6	1.553
19841114	0	-0.9	1.426
19841115	0	0.4	1.308
19841116	0	-2.8	1.2
19841117	0	-0.7	1.1
19841118	0	-2	1.009
19841119	6.4	-0.4	1.049
19841120	3.2	0.5	1.262
19841121	0.8	0.5	1.325
19841122	0	0.8	1.262
19841123	11.1	2.6	1.386
19841124	0	0.4	1.697
19841125	8.5	2.1	1.79
19841126	0	0.4	1.978
19841127	0.1	-1.1	1.861
19841128	1.5	3.3	1.742
19841129	0	5.1	1.663
19841130	0	6.2	1.536
19841201	0	3.9	1.411
19841202	1	3.6	1.316
19841203	0.2	3	1.253
19841204	0	2.5	1.164
19841205	0.3	2.6	1.076
19841206	11.1	2.8	1.236
19841207	0.2	2.4	1.588
19841208	1.2	7	1.551
19841209	0	3.5	1.476
19841210	0	1.1	1.362
19841211	0	0.9	1.251
19841212	0	-3.3	1.15
19841213	0	-2.7	1.056
19841214	0	-1.6	0.97
19841215	1.1	-3.3	0.891
19841216	2.3	-2.4	0.818
19841217	1.3	-5.2	0.751
19841218	5.8	-4.7	0.695
19841219	3.8	1.1	0.915
19841220	14.4	1.8	1.721
19841221	0	1.8	2.305
19841222	0	-2.8	2.107
19841223	12.3	1.1	2.531
19841224	0	2.2	3.237
19841225	0.1	0.5	2.59
19841226	0.1	-0.5	2.159
19841227	0	-1.4	1.968
19841228	3.7	-2.2	1.809
19841229	0.6	-2.5	1.663
19841230	0	-4.8	1.529
19841231	0	-4	1.405
19850101	0.5	-5.5	1.291
19850102	3	-6.7	1.187
19850103	1.9	-9	1.091
19850104	0.9	-13	1.002
19850105	0	-18.3	0.921
19850106	0	-17.4	0.846
19850107	0	-18.9	0.777
19850108	0	-18.6	0.717
19850109	0.5	-14.4	0.674
19850110	0	-8.5	0.651
19850111	0.4	-10.9	0.632
19850112	0.2	-8.3	0.613
19850113	0	-8.5	0.594
19850114	0	-12.1	0.576
19850115	0	-9.6	0.559
19850116	0	-11.7	0.542
19850117	0	-4.8	0.526
19850118	0.2	-2.1	0.51
19850119	1.9	-6.6	0.495
19850120	11.9	-8.2	0.48
19850121	1.5	-4.9	0.466
19850122	20.5	-4.4	0.452
19850123	12.1	-5.9	0.438
19850124	0.2	-13	0.425
19850125	0	-16.3	0.412
19850126	0	-20.9	0.4
19850127	0.1	-22.2	0.388
19850128	0	-11.3	0.376
19850129	4.4	-4.4	0.365
19850130	2.8	-5.3	0.354
19850131	10.3	-8.2	0.343
19850201	0	-4.6	0.333
19850202	0	-15	0.323
19850203	0	-15	0.313
19850204	1.3	-14.9	0.304
19850205	5.9	-9.8	0.295
19850206	8.7	-9.8	0.286
19850207	0.6	-16.2	0.277
19850208	0	-18.2	0.269
19850209	0	-20.7	0.261
19850210	0	-22.7	0.253
19850211	0	-13.9	0.246
19850212	0	-7.2	0.238
19850213	1.1	-11.6	0.231
19850214	0	-16.3	0.224
19850215	0	-19.5	0.217
19850216	3	-20.5	0.211
19850217	0	-18.6	0.205
19850218	0	-22.5	0.198
19850219	0	-19.1	0.193
19850220	2.9	-16.2	0.187
19850221	0	-12.1	0.181
19850222	0.1	-18.3	0.176
19850223	3.1	-14.3	0.17
19850224	0.3	-5.5	0.165
19850225	0	-9.3	0.16
19850226	0	-5	0.156
19850227	0	-0.6	0.151
19850228	2.6	-0.5	0.146
19850301	2.3	-3.6	0.142
19850302	2.9	-5.6	0.138
19850303	0.1	-5.3	0.134
19850304	0	-6.3	0.13
19850305	2.5	-4.4	0.126
19850306	0	-0.6	0.122
19850307	0.2	0.2	0.153
19850308	0.1	-2.3	0.202
19850309	0	-3.8	0.175
19850310	11.3	-2.2	0.158
19850311	0	-1.4	0.152
19850312	0	2.1	0.473
19850313	0	1.6	1.641
19850314	0	1	3.384
19850315	0.1	-0.4	4.498
19850316	0	-1.6	3.879
19850317	0	-2.3	2.742
19850318	0	-3.4	1.978
19850319	0	-5.2	1.675
19850320	0	-4.2	1.51
19850321	3.5	0	1.507
19850322	0.7	0.7	2.189
19850323	0	0.9	3.742
19850324	1	0.9	5.426
19850325	1.3	0.6	6.751
19850326	3.5	1	7.905
19850327	15.8	1.1	9.934
19850328	4.3	-1	10.685
19850329	0	-3.5	8.044
19850330	0	-1.3	5.71
19850331	0	-1.3	4.032
19850401	1	-0.8	2.978
19850402	6.8	3.5	3.178
19850403	0	2.8	3.808
19850404	0.4	1.6	2.91
19850405	0	0.9	2.203
19850406	0	-0.8	1.877
19850407	8	-0.3	1.991
19850408	0	0	2.266
19850409	0	-2.3	1.958
19850410	0	-3	1.765
19850411	0	-1	1.612
19850412	0	-1	1.472
19850413	0	1.1	1.344
19850414	4.6	3.7	1.329
19850415	2.6	2	1.464
19850416	0	4	1.472
19850417	2.3	1.2	1.408
19850418	0	5.3	1.38
19850419	3.5	5.1	1.346
19850420	14.9	3.4	1.782
19850421	0.4	3.1	2.338
19850422	0	4.5	2.064
19850423	0	1.8	1.867
19850424	3.5	0.4	1.779
19850425	0.1	1.4	1.763
19850426	0	1.2	1.636
19850427	6.5	0	1.625
19850428	0	4	1.727
19850429	0	3.5	1.613
19850430	13.8	1.9	1.766
19850501	9.1	2	2.635
19850502	6.2	1.9	3.574
19850503	1.8	1.9	3.635
19850504	0.6	1.6	2.973
19850505	0	3.8	2.338
19850506	0	6.1	2.023
19850507	0	7.4	1.846
19850508	0	8.9	1.693
19850509	0	8.7	1.553
19850510	0.6	7.5	1.434
19850511	0	10.3	1.334
19850512	0	11.9	1.225
19850513	0	12	1.123
19850514	0	13.4	1.029
19850515	0	12	0.943
19850516	0	11.8	0.863
19850517	0	9.5	0.791
19850518	0	10.6	0.724
19850519	0	14.1	0.665
19850520	0	12.8	0.625
19850521	0	9.4	0.604
19850522	0.3	8.1	0.587
19850523	0	6.1	0.571
19850524	0	7.7	0.554
19850525	0.4	10.5	0.539
19850526	0	16	0.525
19850527	0	18.5	0.51
19850528	0	19.8	0.495
19850529	0	20	0.48
19850530	0	15.3	0.466
19850531	0	13.5	0.452
19850601	0	16.2	0.438
19850602	0	16.8	0.425
19850603	0	13.7	0.412
19850604	0	14.5	0.4
19850605	0	11.7	0.388
19850606	2	8.8	0.379
19850607	3.6	9.1	0.377
19850608	10	9.4	0.402
19850609	6.7	8.9	0.459
19850610	4.3	12.2	0.49
19850611	13.1	11.3	0.545
19850612	0	9.8	0.616
19850613	1.4	10.2	0.576
19850614	0	12.8	0.53
19850615	3.4	11.5	0.492
19850616	1.5	14.1	0.478
19850617	2.1	14	0.459
19850618	0	15.6	0.45
19850619	0	16.2	0.437
19850620	1.3	16.7	0.426
19850621	0	16.9	0.417
19850622	0	18.8	0.405
19850623	0	19.8	0.392
19850624	0	19.7	0.381
19850625	5.1	19.7	0.374
19850626	0	20.3	0.372
19850627	1.6	16.9	0.363
19850628	5.8	15.3	0.359
19850629	0.2	14	0.358
19850630	0	13.7	0.349
19850701	0	13.8	0.338
19850702	0	12.9	0.328
19850703	0	15	0.318
19850704	4.4	17.8	0.312
19850705	0	19.7	0.308
19850706	0	20.7	0.299
19850707	1.3	18	0.291
19850708	0	16.3	0.283
19850709	0	16.6	0.275
19850710	0	17.5	0.267
19850711	0	17.5	0.259
19850712	0	18	0.251
19850713	0	18.4	0.244
19850714	0.9	18.6	0.237
19850715	23.9	18.7	0.249
19850716	0.6	15.9	0.271
19850717	3.1	13.5	0.255
19850718	0	16.4	0.25
19850719	2.4	17.3	0.244
19850720	10.2	14.6	0.247
19850721	1.5	15.6	0.255
19850722	0.6	15	0.25
19850723	4.8	12.4	0.248
19850724	0.1	13.4	0.247
19850725	0	15.3	0.241
19850726	0	18.8	0.234
19850727	0	16.6	0.227
19850728	0.1	16.1	0.22
19850729	9.2	15.9	0.219
19850730	4.6	15.7	0.228
19850731	2.8	16.4	0.231
19850801	12.6	17.1	0.249
19850802	3.2	16	0.275
19850803	2.6	15.3	0.267
19850804	4.3	14.4	0.265
19850805	14.4	14.3	0.302
19850806	0.1	15.4	0.351
19850807	0	14.9	0.32
19850808	0.4	13.7	0.296
19850809	0.1	15.9	0.287
19850810	7.2	14.7	0.291
19850811	2.8	16.3	0.306
19850812	1.1	14.5	0.301
19850813	0	15.7	0.295
19850814	0.5	15.5	0.287
19850815	3.8	16	0.284
19850816	0	14.2	0.284
19850817	0	16.3	0.277
19850818	0	16.6	0.268
19850819	5	16.5	0.266
19850820	11.9	16.8	0.295
19850821	1.5	15.6	0.332
19850822	0.2	14.6	0.312
19850823	2.8	13.9	0.297
19850824	0.4	12.4	0.295
19850825	0.5	15.2	0.288
19850826	0	13.8	0.281
19850827	0	14.4	0.273
19850828	0	15.2	0.264
19850829	0	15.4	0.257
19850830	2	13.1	0.251
19850831	0.1	14.4	0.247
19850901	2.3	14.2	0.243
19850902	3.7	12.7	0.243
19850903	30.7	12.6	0.347
19850904	0.7	13	0.522
19850905	7.7	10.5	0.531
19850906	8.5	9.9	0.587
19850907	1.4	11	0.626
19850908	1.4	11.1	0.591
19850909	2.4	11.7	0.555
19850910	1.9	10.9	0.531
19850911	0	11.3	0.495
19850912	0	10.1	0.44
19850913	0.6	10.4	0.394
19850914	2	12.3	0.373
19850915	1.5	11.5	0.371
19850916	0	11.6	0.367
19850917	0	8.7	0.356
19850918	0	8.5	0.346
19850919	12.3	7.8	0.392
19850920	0	10.4	0.473
19850921	0	8.8	0.434
19850922	0	7.3	0.389
19850923	0	6.4	0.365
19850924	0	5.1	0.353
19850925	0	5.2	0.343
19850926	0	5.2	0.332
19850927	0.5	8.3	0.323
19850928	0	8.4	0.316
19850929	0	5.1	0.306
19850930	1.6	4.3	0.3
19851001	0	15.4	0.297
19851002	0	12.9	0.289
19851003	0	13.4	0.28
19851004	0	15.1	0.272
19851005	0	13.2	0.264
19851006	0	10.3	0.256
19851007	4.2	9.3	0.257
19851008	44.5	9.5	0.558
19851009	0.9	8.6	1.078
19851010	0	9.2	1.061
19851011	6.1	7.3	1.012
19851012	0.7	7.6	1.022
19851013	2.8	3.9	0.973
19851014	0	7.3	0.927
19851015	0.1	6.7	0.842
19851016	0	10.9	0.759
19851017	1.9	1.2	0.699
19851018	0	4.3	0.66
19851019	0	6	0.596
19851020	0	6.7	0.532
19851021	0	5.5	0.475
19851022	0	4.9	0.43
19851023	0	4.3	0.407
19851024	0	2.5	0.394
19851025	0	2.5	0.382
19851026	0	3.6	0.371
19851027	0	1.1	0.359
19851028	0	1	0.349
19851029	0	2.7	0.338
19851030	0	6.7	0.328
19851031	0	3.3	0.318
19851101	2.9	-1.4	0.309
19851102	5.3	1.9	0.357
19851103	0	0.5	0.442
19851104	0	0.6	0.405
19851105	15.6	3.7	0.512
19851106	0.2	4.7	0.755
19851107	1.5	1.3	0.737
19851108	0.6	0.5	0.699
19851109	6.1	3.7	0.712
19851110	1	4.8	0.784
19851111	3.8	-0.2	0.79
19851112	0.2	1.7	0.803
19851113	0	-2.1	0.74
19851114	0.1	-2.4	0.667
19851115	0.6	-0.9	0.608
19851116	0	-2.7	0.562
19851117	0	-3.4	0.506
19851118	0	-2.1	0.462
19851119	0	-4.7	0.442
19851120	0	-2.3	0.428
19851121	0	-3	0.415
19851122	0	-0.9	0.403
19851123	0	-3.4	0.391
19851124	0	-3.3	0.379
19851125	0.5	-2.8	0.368
19851126	3.2	-6.9	0.357
19851127	11.6	-4.1	0.346
19851128	5.8	-2.2	0.336
19851129	6.6	-1.2	0.326
19851130	0.4	-5.8	0.316
19851201	0.4	-12	0.306
19851202	5.2	-5.7	0.297
19851203	13.8	0.2	0.506
19851204	1	1.2	1.07
19851205	3.2	-0.4	1.478
19851206	12.9	-3.7	1.575
19851207	0	-16.9	1.455
19851208	0	-16.5	1.321
19851209	0	-17.6	1.198
19851210	0	-19.4	1.085
19851211	0	-16.5	0.982
19851212	0	-2.6	0.887
19851213	1.3	0.6	0.933
19851214	0	-1	1.093
19851215	0	-7.7	1.024
19851216	2.7	-5.7	0.928
19851217	0	-10	0.84
19851218	1.8	-13.6	0.759
19851219	0.1	-4.8	0.686
19851220	1.8	-12.3	0.618
19851221	2.1	0.9	0.739
19851222	0	4.5	1.14
19851223	0	2.2	1.322
19851224	3.5	2.9	1.299
19851225	8	1.3	1.447
19851226	1.3	-8.3	1.612
19851227	0	-15.1	1.509
19851228	0	-13.2	1.379
19851229	0	-12.1	1.259
19851230	0	-14.2	1.149
19851231	0	-14.2	1.048
19860101	0	-17.4	0.956
19860102	11	-6.7	0.871
19860103	0.7	-3.7	0.793
19860104	5.1	-7.3	0.722
19860105	2.4	-7	0.656
19860106	0.3	-7.3	0.597
19860107	0.8	-12	0.556
19860108	1.5	-9.4	0.536
19860109	0.4	-9.9	0.52
19860110	3	-18.2	0.505
19860111	1.8	-4.6	0.489
19860112	0.7	0.1	0.547
19860113	0.4	0.5	0.818
19860114	2	0.1	1.232
19860115	0	-5.1	1.462
19860116	0	-15.7	1.374
19860117	0	-18.2	1.254
19860118	2.4	-11.3	1.145
19860119	0	-12	1.044
19860120	2.3	-10	0.951
19860121	4.1	-3.2	0.867
19860122	1.6	-8.3	0.789
19860123	2.4	-0.4	0.806
19860124	0.1	-0.7	0.935
19860125	0	-2.7	0.941
19860126	0.2	-5	0.867
19860127	2.4	-6	0.79
19860128	0.1	-5.8	0.72
19860129	1	-2.1	0.656
19860130	0	-1.7	0.601
19860131	1.2	-2.9	0.566
19860201	0.6	-2	0.547
19860202	0	-4.6	0.53
19860203	0	-9.6	0.514
19860204	2.1	-11.3	0.499
19860205	0.2	-12.2	0.484
19860206	0.1	-13.7	0.47
19860207	0.2	-12.8	0.455
19860208	0	-9	0.442
19860209	0.2	-8.5	0.429
19860210	0	-7.1	0.416
19860211	0	-11.9	0.403
19860212	0	-12.2	0.391
19860213	0.5	-4.1	0.379
19860214	0.2	-6.9	0.368
19860215	0	-7.6	0.357
19860216	0	-12.5	0.346
19860217	0.4	-7.1	0.336
19860218	0	-9.8	0.326
19860219	0	-17.2	0.316
19860220	0.2	-17.5	0.307
19860221	5	-12.1	0.297
19860222	0	-12.6	0.288
19860223	4.2	-14.3	0.28
19860224	0	-14.7	0.271
19860225	0	-13.8	0.263
19860226	0	-5.4	0.255
19860227	0.1	-6.8	0.248
19860228	0	-6.9	0.24
19860301	0	-6.5	0.233
19860302	0	-8	0.226
19860303	0	-1.5	0.219
19860304	1.5	-1.2	0.213
19860305	7.4	-1.4	0.206
19860306	0	2.3	0.497
19860307	0	2.3	1.595
19860308	0	3.3	2.399
19860309	0	1.5	1.915
19860310	0	-1.8	1.657
19860311	0	-0.1	1.499
19860312	0.2	-0.7	1.362
19860313	0.9	-0.5	1.259
19860314	0	-0.3	1.175
19860315	0	0.2	1.067
19860316	0	-1.2	0.962
19860317	0	0.8	0.867
19860318	0	0.4	0.78
19860319	0	0.7	0.701
19860320	0	0.9	0.628
19860321	0	1.6	0.561
19860322	3.6	3	0.572
19860323	16.8	1.4	0.987
19860324	1.7	1.6	1.589
19860325	7.4	0.6	1.75
19860326	0	2.6	1.892
19860327	7.1	2.7	1.956
19860328	0.7	4.6	2.115
19860329	2.7	3.1	1.978
19860330	9.8	3	2.376
19860331	12.1	1.2	3.731
19860401	0.4	1.7	4.458
19860402	0.6	1.5	3.468
19860403	0.1	2.1	2.576
19860404	0	1.7	2.043
19860405	0	0.8	1.834
19860406	0	0.5	1.678
19860407	0	0.2	1.534
19860408	0	1.7	1.402
19860409	0	2.3	1.281
19860410	0	-2.6	1.169
19860411	0	-1.9	1.067
19860412	0	-0.2	0.974
19860413	4.5	-0.3	0.969
19860414	0	-0.9	1.037
19860415	0	-1.7	0.967
19860416	0.4	-0.9	0.889
19860417	0.2	2.4	0.828
19860418	0	2	0.763
19860419	3.5	1.1	0.756
19860420	10.9	-1.2	0.802
19860421	1.3	-0.5	0.8
19860422	0.2	0.4	0.954
19860423	5.1	5.5	1.206
19860424	0	7.8	1.306
19860425	5.3	5.5	1.31
19860426	0.3	5.2	1.377
19860427	0	5.7	1.294
19860428	12.3	9.2	1.391
19860429	0	8.7	1.663
19860430	0.5	6.9	1.584
19860501	0	10.2	1.468
19860502	0	13.1	1.348
19860503	0	14.4	1.235
19860504	0	13.8	1.132
19860505	0	13.5	1.038
19860506	0	14.1	0.951
19860507	0	14.9	0.871
19860508	0	14.4	0.797
19860509	1.3	10.1	0.743
19860510	1	10.7	0.714
19860511	10.8	9.8	0.78
19860512	1.1	10.7	0.925
19860513	0.5	11.6	0.899
19860514	0	11.2	0.836
19860515	11.4	11.4	0.871
19860516	5	8.7	1.04
19860517	0	12	1.069
19860518	0.5	11.9	0.997
19860519	0	12.6	0.923
19860520	0	15.5	0.847
19860521	1.3	14.6	0.786
19860522	0.6	12.5	0.743
19860523	0.8	11.9	0.697
19860524	0.2	12.8	0.66
19860525	0	13.7	0.636
19860526	0	14.1	0.616
19860527	0.2	13	0.598
19860528	0	11.8	0.581
19860529	0	10.8	0.564
19860530	0.2	11.6	0.547
19860531	0	13.5	0.531
19860601	0	13.7	0.515
19860602	0	16.2	0.5
19860603	0.6	12.4	0.486
19860604	2.1	11.6	0.475
19860605	0	15.6	0.466
19860606	19	16.9	0.507
19860607	19.2	11.9	0.668
19860608	0.2	11.1	0.785
19860609	0	12.1	0.734
19860610	0	15.8	0.664
19860611	0	15.3	0.601
19860612	0	16.9	0.543
19860613	0	16.5	0.501
19860614	0	16.9	0.483
19860615	0	19	0.469
19860616	0	19.8	0.455
19860617	0	21	0.441
19860618	0	20.4	0.428
19860619	0	18.9	0.415
19860620	1.4	13.3	0.403
19860621	0	13.8	0.393
19860622	0.2	12.6	0.381
19860623	0	14.5	0.37
19860624	0	17.8	0.359
19860625	0	20	0.348
19860626	0	23.2	0.338
19860627	3.7	21.6	0.329
19860628	9.7	16.1	0.326
19860629	0	17.5	0.325
19860630	0	19.8	0.316
19860701	0	22.3	0.307
19860702	0	20.6	0.297
19860703	1.1	19.3	0.289
19860704	0	18.2	0.281
19860705	0.6	17.5	0.273
19860706	1.8	15.3	0.265
19860707	1.9	17.7	0.259
19860708	4.7	14.5	0.253
19860709	1.5	13.7	0.249
19860710	9	13.2	0.246
19860711	0	14.7	0.244
19860712	14.2	11.3	0.245
19860713	0.2	11.2	0.25
19860714	0	15.3	0.244
19860715	0	17.1	0.237
19860716	0	17.7	0.23
19860717	0.1	18.4	0.223
19860718	0.4	18.4	0.217
19860719	0	15.8	0.21
19860720	2.4	15.4	0.205
19860721	1.6	15.8	0.201
19860722	0.6	15.7	0.197
19860723	13.9	16.3	0.198
19860724	5.3	14.7	0.207
19860725	0.8	15.3	0.209
19860726	4.3	17.4	0.207
19860727	0	17.9	0.206
19860728	0	18.7	0.201
19860729	0	18.9	0.195
19860730	0	18.1	0.189
19860731	0	16.4	0.183
19860801	2.1	16.4	0.179
19860802	0.4	16.1	0.175
19860803	0	17.9	0.171
19860804	5.1	18	0.168
19860805	1.5	17.4	0.167
19860806	0	16.9	0.164
19860807	0	14.2	0.16
19860808	1.8	14.6	0.155
19860809	0.1	15.6	0.152
19860810	4.8	15.4	0.15
19860811	0.1	13.1	0.149
19860812	0.5	14.3	0.145
19860813	1.6	12.2	0.142
19860814	0	13.3	0.139
19860815	0.5	12	0.135
19860816	18.6	13.3	0.146
19860817	6.8	12.2	0.17
19860818	2.9	12	0.172
19860819	1.3	12.5	0.17
19860820	7.5	12.9	0.174
19860821	25.4	12.3	0.251
19860822	6	10.9	0.39
19860823	3.6	10.3	0.418
19860824	0.4	8.7	0.398
19860825	2	9.4	0.36
19860826	0.1	8.5	0.326
19860827	9.4	7.7	0.326
19860828	4.6	10.7	0.388
19860829	16	11.6	0.49
19860830	7.7	8.4	0.672
19860831	0.1	10.2	0.724
19860901	0	10.7	0.662
19860902	1.2	10.4	0.599
19860903	0.4	10.6	0.552
19860904	1.1	10.1	0.505
19860905	0.1	10.7	0.463
19860906	1	9.7	0.419
19860907	1.2	8.2	0.395
19860908	0.1	8.5	0.387
19860909	5.2	8.4	0.398
19860910	5	8.3	0.449
19860911	5.9	8	0.511
19860912	0	7.6	0.542
19860913	0	7.5	0.494
19860914	10.3	7.4	0.517
19860915	0.7	7.4	0.612
19860916	0	7.7	0.579
19860917	0	6.4	0.522
19860918	0	6	0.474
19860919	0	8.5	0.448
19860920	3.1	10.9	0.445
19860921	2.2	10.7	0.459
19860922	0	7.8	0.456
19860923	0	6.3	0.44
19860924	0	4.6	0.426
19860925	0.3	4.7	0.414
19860926	0	2	0.403
19860927	0	2.6	0.391
19860928	6.2	6.1	0.413
19860929	0	11.6	0.452
19860930	0	7.3	0.419
19861001	0	12.5	0.395
19861002	0	12.4	0.382
19861003	0	6.5	0.371
19861004	0	7.1	0.359
19861005	0.1	3.4	0.349
19861006	0.8	6.2	0.341
19861007	0	5.1	0.335
19861008	0	3.1	0.325
19861009	0.8	3.8	0.317
19861010	1.8	10.2	0.316
19861011	0	8.7	0.315
19861012	0	5.6	0.307
19861013	0	7.9	0.298
19861014	0	6.1	0.289
19861015	0.2	8	0.281
19861016	0	7.8	0.273
19861017	0	4.9	0.265
19861018	0	3.7	0.257
19861019	11.9	7.5	0.319
19861020	0.3	5.3	0.429
19861021	0	3.9	0.397
19861022	4.2	2.9	0.376
19861023	0	1.4	0.385
19861024	0	1.1	0.346
19861025	0	2.9	0.318
19861026	3.1	6.2	0.319
19861027	3.9	7.2	0.353
19861028	1.8	7.2	0.385
19861029	6.6	8.1	0.428
19861030	3.2	6	0.515
19861031	0.6	5.6	0.53
19861101	0	4.4	0.489
19861102	0.3	1.3	0.437
19861103	1.1	0.2	0.405
19861104	0.2	2.4	0.394
19861105	6.9	0.4	0.439
19861106	1.3	2.1	0.528
19861107	3.9	0.8	0.55
19861108	1.1	7.4	0.581
19861109	0.2	5.1	0.554
19861110	0	7.7	0.502
19861111	2.1	8.7	0.471
19861112	1.5	4.6	0.478
19861113	0	-0.9	0.469
19861114	0.3	1.3	0.449
19861115	3.3	3.6	0.461
19861116	0.1	5.6	0.483
19861117	2.2	4.6	0.468
19861118	1.5	5.1	0.481
19861119	7.3	5.1	0.554
19861120	0	0.6	0.664
19861121	0.4	0.3	0.626
19861122	1.6	2.9	0.594
19861123	12.3	4.9	0.731
19861124	0.9	5	0.978
19861125	2.9	7	0.991
19861126	2.7	9.2	1.017
19861127	0.1	4.7	1.009
19861128	0	8	0.931
19861129	0	6.7	0.848
19861130	0.1	4.2	0.773
19861201	1.3	6.2	0.724
19861202	2.4	-0.1	0.727
19861203	3.4	3.5	0.78
19861204	0	7.8	0.811
19861205	19.3	3	1.05
19861206	0	-0.3	1.523
19861207	0	-5.8	1.469
19861208	0.3	2.4	1.349
19861209	0	3.3	1.244
19861210	0	4.9	1.14
19861211	0	-2	1.043
19861212	1.7	-0.5	0.981
19861213	0	0.3	0.95
19861214	7.3	-0.6	0.997
19861215	0.7	-3.7	1.143
19861216	6.6	-1.6	1.077
19861217	0.1	-2.7	0.985
19861218	2.5	-3.5	0.902
19861219	1.1	-3.6	0.825
19861220	3.7	-7.8	0.754
19861221	3	-7.9	0.689
19861222	2.5	-8.4	0.636
19861223	0.6	-6	0.604
19861224	1.1	-7	0.584
19861225	2.5	-8.9	0.567
19861226	0.9	-4.8	0.55
19861227	2.8	-4.7	0.533
19861228	9	-9.2	0.517
19861229	5.7	-3.5	0.502
19861230	0	-10.3	0.487
19861231	0.6	-12.9	0.472
19870101	0	-19.1	0.458
19870102	0.1	-19.2	0.444
19870103	0.7	-11.3	0.431
19870104	0	-17.8	0.418
19870105	2	-10	0.405
19870106	0	-15.4	0.393
19870107	0	-24.6	0.381
19870108	5.1	-19.2	0.37
19870109	0.4	-22.2	0.359
19870110	0	-24.9	0.348
19870111	0	-25.2	0.338
19870112	0	-22.1	0.327
19870113	0	-18.3	0.318
19870114	0	-11.8	0.308
19870115	0	-16.7	0.299
19870116	0	-15.8	0.29
19870117	0	-14.5	0.281
19870118	0	-7.6	0.273
19870119	0	-7.1	0.265
19870120	2.9	-5.8	0.257
19870121	0	-8	0.249
19870122	0	-11.7	0.241
19870123	0.5	-11.3	0.234
19870124	0.2	-2.8	0.227
19870125	0	0.2	0.246
19870126	0	-8.9	0.276
19870127	0.6	-10.9	0.252
19870128	0	-19.1	0.241
19870129	0	-18.3	0.234
19870130	0.1	-5.5	0.227
19870131	0	1.2	0.346
19870201	0	-3.4	0.556
19870202	0	-3.3	0.523
19870203	0	-3.8	0.459
19870204	0	0.6	0.521
19870205	1.3	2.4	1.066
19870206	4.7	1.9	2.501
19870207	0	-4.5	3.588
19870208	0	-7.5	2.721
19870209	0	-9.4	2.002
19870210	9.3	-10.8	1.743
19870211	4.5	-1.4	1.583
19870212	6.9	0.2	1.821
19870213	5.9	-0.2	2.961
19870214	0	-0.9	3.658
19870215	0	-6.2	2.824
19870216	0	-11.3	2.098
19870217	0	-5.6	1.82
19870218	0.3	-9.2	1.655
19870219	0	-10.7	1.508
19870220	0	-5	1.374
19870221	0	-1.9	1.252
19870222	0.1	-3.9	1.139
19870223	0	-7.9	1.036
19870224	0	-6.9	0.941
19870225	0	-11.8	0.854
19870226	0	-11.4	0.775
19870227	0	-5.5	0.702
19870228	0	-11	0.635
19870301	0	-15.1	0.575
19870302	0	-16.2	0.526
19870303	0	-12.7	0.498
19870304	0.1	-13.8	0.482
19870305	0	-15.9	0.468
19870306	0	-8.9	0.454
19870307	0	-10.2	0.44
19870308	0	-7.6	0.427
19870309	0	-7.1	0.414
19870310	0	-8.7	0.402
19870311	0	-7.8	0.39
19870312	0	-8.1	0.378
19870313	0	-7.4	0.367
19870314	0	-8.2	0.356
19870315	0	-6.2	0.345
19870316	0	-4.8	0.335
19870317	0	-4.4	0.325
19870318	7.7	-1.1	0.315
19870319	1.7	-1.2	0.305
19870320	3.9	-1.3	0.296
19870321	0.2	-1.5	0.287
19870322	1	-0.6	0.311
19870323	0	-0.5	0.409
19870324	0	0	0.599
19870325	0.1	-0.4	0.829
19870326	6.8	-1.2	0.882
19870327	7.3	2.6	1.088
19870328	2.6	3.7	1.571
19870329	0.2	2.7	1.611
19870330	0	3.3	1.488
19870331	0	2	1.354
19870401	0	0.9	1.23
19870402	0	1.6	1.116
19870403	0	2.2	1.012
19870404	0	2.9	0.917
19870405	0	2.4	0.829
19870406	0	2.6	0.749
19870407	0	3.9	0.676
19870408	0	0.4	0.609
19870409	0	-1.5	0.548
19870410	0	0	0.496
19870411	1.8	1	0.486
19870412	0	2.7	0.502
19870413	0	3.3	0.474
19870414	0	4.7	0.457
19870415	0	4.2	0.443
19870416	0.1	6.9	0.431
19870417	0	5.2	0.419
19870418	0	4.3	0.406
19870419	1.3	4	0.404
19870420	2.7	1.4	0.441
19870421	0	1.8	0.477
19870422	0	4.1	0.442
19870423	0	9.6	0.417
19870424	0.5	9.1	0.406
19870425	0.1	7.4	0.399
19870426	0	4.5	0.389
19870427	0	5.5	0.378
19870428	0	12.1	0.366
19870429	0	14.3	0.355
19870430	0	14.7	0.345
19870501	3	14.7	0.356
19870502	1	11.9	0.386
19870503	0	8.6	0.373
19870504	0	5.2	0.353
19870505	0	7.4	0.342
19870506	1	9.5	0.335
19870507	0	8.3	0.331
19870508	0	8.3	0.322
19870509	17.1	9.8	0.453
19870510	1.8	7	0.705
19870511	2.1	4.9	0.719
19870512	7.2	3.7	0.753
19870513	4.5	6.4	0.855
19870514	0.1	7.4	0.872
19870515	0.2	6.5	0.801
19870516	1.8	8.7	0.741
19870517	23.2	8	0.937
19870518	15.9	7.4	1.491
19870519	4.6	9.3	1.83
19870520	1.1	8.2	1.838
19870521	0	9.4	1.717
19870522	0	11.6	1.57
19870523	0	14.4	1.431
19870524	0	10.1	1.304
19870525	0	12.5	1.188
19870526	0	10.3	1.081
19870527	0	6	0.983
19870528	0	6.4	0.894
19870529	0	6.9	0.811
19870530	0	7.8	0.736
19870531	0	9.4	0.667
19870601	0.6	11.1	0.608
19870602	2.5	10.3	0.577
19870603	0.8	8.7	0.563
19870604	0.9	11.5	0.536
19870605	0.1	14.1	0.518
19870606	0.8	14.9	0.505
19870607	1.5	13.3	0.496
19870608	3.3	12.6	0.496
19870609	0.3	12	0.496
19870610	0	11.8	0.483
19870611	0.3	12.5	0.469
19870612	4.2	10.5	0.465
19870613	0	10	0.467
19870614	9.2	9.8	0.486
19870615	2.5	8.8	0.536
19870616	5.3	8.2	0.545
19870617	8.7	8.4	0.597
19870618	2.1	11.2	0.653
19870619	1.8	9.7	0.638
19870620	1.1	11.1	0.606
19870621	0	13.8	0.562
19870622	0.2	15.9	0.518
19870623	2.2	13.9	0.5
19870624	1.9	13.5	0.495
19870625	8.6	12.8	0.52
19870626	0	13	0.553
19870627	0	13.5	0.517
19870628	0	15.2	0.493
19870629	0	15.8	0.477
19870630	8.1	14.3	0.486
19870701	0	15.4	0.505
19870702	1.6	15.3	0.478
19870703	0.3	15.9	0.467
19870704	0.2	15.8	0.454
19870705	0	16.6	0.441
19870706	0	19.8	0.428
19870707	0	18.8	0.415
19870708	19.6	16.3	0.456
19870709	3.9	14.6	0.546
19870710	0	14.7	0.533
19870711	0	13.6	0.48
19870712	0.4	14.9	0.44
19870713	0	15	0.425
19870714	0	14.9	0.412
19870715	0	16.2	0.4
19870716	0	15.8	0.388
19870717	0	15.3	0.376
19870718	0	16.5	0.365
19870719	0	16.9	0.354
19870720	0	17	0.343
19870721	0	19	0.333
19870722	0	19.6	0.323
19870723	0	21.5	0.313
19870724	0.4	18	0.304
19870725	5.8	14.6	0.299
19870726	16.2	12.3	0.32
19870727	7.6	13	0.364
19870728	5	13.1	0.379
19870729	4.4	12	0.377
19870730	0.8	12.4	0.366
19870731	4	12.9	0.352
19870801	5.2	13	0.357
19870802	1.2	13	0.362
19870803	1.8	12.4	0.358
19870804	1.9	13.4	0.355
19870805	6.2	12.9	0.361
19870806	0.7	12.8	0.371
19870807	1	13.6	0.36
19870808	4.5	10.6	0.358
19870809	1	9.6	0.361
19870810	0.7	10.4	0.356
19870811	0	11.8	0.347
19870812	46.1	12.2	0.583
19870813	0	13.8	1.007
19870814	8.9	12.6	1.04
19870815	0.8	11.4	1.073
19870816	0	11.3	0.999
19870817	0	12.6	0.905
19870818	0	14.3	0.817
19870819	0.4	15.7	0.74
19870820	0	16	0.671
19870821	4	16.1	0.63
19870822	9.4	17.7	0.676
19870823	24.7	12	0.927
19870824	0	11.3	1.222
19870825	0	10.4	1.16
19870826	0.6	12.4	1.061
19870827	13.9	13.9	1.095
19870828	15.3	11.8	1.378
19870829	0.1	10.9	1.572
19870830	0.6	10.2	1.481
19870831	0	10.5	1.364
19870901	0	10.6	1.246
19870902	0	12	1.137
19870903	0	11.3	1.036
19870904	0.1	11.1	0.945
19870905	0.3	13.3	0.865
19870906	7.1	14.1	0.853
19870907	11.2	12.7	0.994
19870908	3	12.3	1.144
19870909	4	11.2	1.162
19870910	6	10.2	1.2
19870911	0.3	12	1.221
19870912	4.9	11.5	1.185
19870913	0.1	10.4	1.176
19870914	12.6	9.8	1.218
19870915	1.6	10.7	1.375
19870916	0	8.1	1.323
19870917	0	5	1.216
19870918	8.6	7	1.204
19870919	0	8.8	1.276
19870920	0.2	7.2	1.193
19870921	0.1	7.1	1.097
19870922	3.7	9.3	1.046
19870923	0.2	12.5	1.034
19870924	0.1	8.3	0.961
19870925	0.6	7.8	0.888
19870926	2.3	8.5	0.848
19870927	0.4	7	0.826
19870928	0.6	7.1	0.775
19870929	0	7.4	0.721
19870930	0	5.1	0.662
19871001	0	5.7	0.618
19871002	0	6.1	0.597
19871003	0	6.5	0.579
19871004	0	5.5	0.561
19871005	0	6.2	0.545
19871006	0.2	9.4	0.529
19871007	1.1	10.1	0.518
19871008	0.1	11	0.51
19871009	0.9	9.3	0.5
19871010	0	10	0.49
19871011	0	11.4	0.476
19871012	0	9.8	0.462
19871013	15.4	9.1	0.58
19871014	3.6	7.8	0.832
19871015	8.6	9.2	0.95
19871016	18.6	11.1	1.266
19871017	0	10.4	1.595
19871018	0	6.2	1.512
19871019	0	5.9	1.38
19871020	0	7.8	1.26
19871021	0	7.1	1.149
19871022	0	6.9	1.047
19871023	7.1	7.2	1.043
19871024	3.4	7.8	1.163
19871025	0	6.3	1.166
19871026	0	3.9	1.076
19871027	0	3.8	0.981
19871028	0	6.4	0.895
19871029	0	3.3	0.815
19871030	0	3.8	0.742
19871031	5.6	3	0.748
19871101	0	3.6	0.819
19871102	0	1.4	0.764
19871103	0	2.5	0.697
19871104	0	4.4	0.634
19871105	0	6.1	0.586
19871106	0.2	6.5	0.561
19871107	3.8	1.9	0.585
19871108	0	-2.6	0.628
19871109	0	-6.9	0.587
19871110	0	-4.3	0.553
19871111	0	-1.4	0.534
19871112	23	2.8	0.837
19871113	1.3	3.9	1.408
19871114	0.1	3.8	1.408
19871115	0.4	2.2	1.301
19871116	7.9	4.1	1.326
19871117	0	4.9	1.45
19871118	0.1	2.1	1.359
19871119	11.4	1.6	1.435
19871120	0.1	1.5	1.673
19871121	3.5	2.6	1.643
19871122	1.8	2.4	1.65
19871123	3.7	2.6	1.65
19871124	0	1.9	1.643
19871125	0.7	-0.1	1.534
19871126	4.7	-1.1	1.429
19871127	0	-0.6	1.344
19871128	0.9	-0.9	1.318
19871129	2.6	-1.1	1.265
19871130	0	-5.1	1.165
19871201	0	-4.3	1.066
19871202	0	-1.3	0.976
19871203	0	-2.7	0.893
19871204	0	0.3	0.88
19871205	0	-4.7	0.924
19871206	0.5	-3.1	0.861
19871207	0	-9.4	0.788
19871208	0	-5.7	0.721
19871209	0	0.7	0.666
19871210	1.8	2.3	0.656
19871211	0	-3.8	0.664
19871212	0	-3.1	0.627
19871213	0	-0.1	0.605
19871214	0	-3.4	0.587
19871215	0.9	-5.3	0.569
19871216	0	-9.1	0.552
19871217	0	-12.1	0.536
19871218	0	-4.7	0.52
19871219	0.8	-0.9	0.516
19871220	0	-1.9	0.521
19871221	0	-0.8	0.503
19871222	11.3	-2	0.49
19871223	0	-5.8	0.476
19871224	0.6	-3.4	0.462
19871225	0.1	1	0.617
19871226	1.9	3.6	0.937
19871227	1.7	-0.2	0.996
19871228	0	-4.1	0.976
19871229	6.6	-0.6	1.023
19871230	0	1	1.174
19871231	3	-1	1.101
19880101	0.6	3.3	1.062
19880102	10.4	3.1	1.289
19880103	0.5	2.6	1.597
19880104	2.9	1.6	1.591
19880105	0.6	0.1	1.582
19880106	0.6	-1.4	1.485
19880107	0.6	-1.1	1.36
19880108	0	-6.3	1.243
19880109	0	-4.7	1.136
19880110	0	2.7	1.057
19880111	14.7	1.5	1.31
19880112	0.6	-1.4	1.786
19880113	0	1.4	1.723
19880114	0	0.3	1.598
19880115	0	1.5	1.466
19880116	0	-0.4	1.342
19880117	0.2	-1.3	1.228
19880118	2.8	-0.1	1.187
19880119	2.3	0.9	1.254
19880120	0.3	0.4	1.263
19880121	0.4	1.5	1.19
19880122	0.6	1.4	1.12
19880123	13.8	0.2	1.351
19880124	0.6	-1.2	1.807
19880125	2.9	-0.2	1.806
19880126	9.3	-0.7	2.116
19880127	5.2	-1.1	2.45
19880128	4.6	-2.4	2.118
19880129	3.2	-2.4	1.916
19880130	3.4	-3.6	1.759
19880131	3	-3.3	1.614
19880201	8.3	-0.9	1.645
19880202	1.8	0.5	2.234
19880203	1.9	1.9	3.497
19880204	3.7	1.9	4.484
19880205	1.3	2.1	4.089
19880206	10.9	1.5	4.091
19880207	0.4	0.6	4.67
19880208	0.9	-1.4	3.63
19880209	3.4	-0.2	2.943
19880210	4.4	1.1	3.102
19880211	4.6	1.9	3.364
19880212	0.4	1.1	3.247
19880213	0	0.3	2.56
19880214	0	0.3	2.131
19880215	1.1	1.7	1.96
19880216	1.3	-0.6	1.88
19880217	1.1	0	1.816
19880218	2.9	-2.6	1.725
19880219	0	-4.7	1.591
19880220	1.2	-8.3	1.461
19880221	3.5	-2.9	1.342
19880222	0.5	-6.7	1.233
19880223	0.5	-4.4	1.132
19880224	5.2	-8.1	1.039
19880225	2.2	-5.8	0.954
19880226	0	-4.8	0.876
19880227	1.8	-5.3	0.804
19880228	12.9	-1.9	0.738
19880229	4.6	-2.9	0.684
19880301	1.3	-4.8	0.651
19880302	0	-8.2	0.631
19880303	1.4	-8.3	0.612
19880304	3.9	-0.3	0.692
19880305	1.7	0.7	1.1
19880306	0.1	-0.1	1.643
19880307	0.6	-1	1.797
19880308	0.6	-4.3	1.678
19880309	0.1	-5.4	1.539
19880310	4.9	-3.9	1.412
19880311	0.1	-0.2	1.353
19880312	0	-2.9	1.352
19880313	0.1	-7	1.254
19880314	0	-6	1.15
19880315	0	-8.5	1.054
19880316	1.7	-10	0.966
19880317	0.2	-5.6	0.886
19880318	0	-5.4	0.811
19880319	0	-3.2	0.743
19880320	0	0.2	0.791
19880321	0.3	-0.2	1.046
19880322	0.5	-2.7	1.199
19880323	0.3	-0.2	1.228
19880324	0	-0.5	1.383
19880325	3.3	-0.6	1.551
19880326	9	0.8	2.117
19880327	0.2	1.5	2.629
19880328	0	1.9	2.227
19880329	0	1.4	2.008
19880330	0.2	1.3	1.85
19880331	0	2.4	1.708
19880401	0.4	3.2	1.58
19880402	2.8	3.3	1.532
19880403	0.4	2.7	1.539
19880404	0	4.5	1.446
19880405	0	4.7	1.331
19880406	0	5	1.222
19880407	0	4.9	1.123
19880408	2.7	1.1	1.087
19880409	0	-0.5	1.103
19880410	2.3	-0.6	1.074
19880411	4.4	0.4	1.163
19880412	0	-0.2	1.249
19880413	0	0.5	1.169
19880414	0	0.8	1.074
19880415	0	5.6	0.987
19880416	0.4	9.8	0.914
19880417	4.8	9.8	0.943
19880418	0.3	3.4	1.042
19880419	0	2.7	0.99
19880420	27.2	1.7	1.532
19880421	1	1	2.482
19880422	0.2	-0.9	2.25
19880423	0	-0.4	2.051
19880424	0	0.1	1.887
19880425	0	0.4	1.735
19880426	0	2	1.595
19880427	0	3.8	1.466
19880428	0	6.8	1.348
19880429	0	7.8	1.239
19880430	0	8.3	1.139
19880501	0	7.4	1.047
19880502	2	10.9	0.994
19880503	0	12.4	0.972
19880504	2.9	10.1	0.943
19880505	2.3	7.2	0.977
19880506	0.1	9.8	0.971
19880507	0.3	11.5	0.907
19880508	0	11.7	0.842
19880509	0	10	0.775
19880510	0	8.7	0.716
19880511	0	10	0.677
19880512	0	12.3	0.654
19880513	0	15	0.635
19880514	0	15.1	0.616
19880515	0	12.3	0.597
19880516	0	12.6	0.579
19880517	0	14.4	0.562
19880518	2.3	9.6	0.551
19880519	0	10.5	0.547
19880520	9.6	11.4	0.589
19880521	0.3	9.9	0.667
19880522	0.3	7.3	0.629
19880523	0	8.2	0.58
19880524	0	11.6	0.545
19880525	0	14.9	0.527
19880526	0	16.4	0.511
19880527	0	16.8	0.496
19880528	0	18.7	0.481
19880529	0	19.6	0.466
19880530	0	18.9	0.452
19880531	16.6	12.9	0.496
19880601	8.4	6.7	0.615
19880602	0.2	10.3	0.647
19880603	2.8	10.8	0.609
19880604	2.7	14.1	0.588
19880605	1	12.1	0.563
19880606	0	15.4	0.522
19880607	10.2	14.5	0.521
19880608	0.3	14	0.558
19880609	0.6	18.6	0.524
19880610	3.2	12	0.5
19880611	0	12.7	0.493
19880612	0	16.8	0.48
19880613	0	17.9	0.465
19880614	0	13	0.451
19880615	0	14.2	0.438
19880616	0	14.8	0.425
19880617	0	16	0.412
19880618	0	18.4	0.4
19880619	0	18.5	0.388
19880620	0	15.3	0.376
19880621	0	19.1	0.365
19880622	0	17.9	0.354
19880623	0	20.9	0.343
19880624	1.2	20.2	0.333
19880625	0.6	18.6	0.325
19880626	0	22.4	0.316
19880627	6.1	22.1	0.309
19880628	3.1	21.5	0.305
19880629	36.3	20.9	0.354
19880630	0	20.4	0.434
19880701	0	19.1	0.397
19880702	20.6	18.8	0.402
19880703	0	19.6	0.456
19880704	1.8	17.9	0.421
19880705	0	19.9	0.387
19880706	39.1	18.2	0.5
19880707	0	18.2	0.723
19880708	0	18.1	0.686
19880709	0	16.5	0.615
19880710	0.4	18.2	0.553
19880711	1.5	17.8	0.502
19880712	0	17.5	0.46
19880713	0	17.7	0.426
19880714	0	17	0.41
19880715	9	19.4	0.415
19880716	27	18.6	0.534
19880717	3.9	18.5	0.715
19880718	5.2	16.4	0.734
19880719	0.1	19.2	0.717
19880720	0.4	16.3	0.656
19880721	0	17.3	0.594
19880722	0	16.1	0.535
19880723	0	18.2	0.486
19880724	9.9	17.3	0.487
19880725	0	19.3	0.511
19880726	1.4	17.1	0.481
19880727	0	16.6	0.465
19880728	1.1	15.5	0.453
19880729	0.7	14.9	0.443
19880730	0	14.5	0.431
19880731	2.8	15.1	0.422
19880801	1.6	15.8	0.417
19880802	13.6	12.3	0.445
19880803	0.9	13.4	0.492
19880804	0	14.5	0.461
19880805	3	13.8	0.434
19880806	0	16.8	0.427
19880807	0	17.1	0.415
19880808	0	17.6	0.402
19880809	3.8	16.2	0.395
19880810	0	16.4	0.391
19880811	4.4	15.3	0.386
19880812	1.8	16.6	0.386
19880813	7.9	15	0.395
19880814	4.6	16.5	0.416
19880815	4.4	15.2	0.421
19880816	4.3	15.9	0.424
19880817	0	14.7	0.421
19880818	0.1	14.9	0.407
19880819	5.5	13.2	0.404
19880820	1.6	15.9	0.41
19880821	0.1	15	0.401
19880822	0.6	14.2	0.39
19880823	39.3	13.9	0.562
19880824	1.2	13	0.878
19880825	0.1	14.1	0.856
19880826	0	13.9	0.776
19880827	0	13.9	0.699
19880828	0	15.3	0.63
19880829	7.4	15.5	0.607
19880830	0	14.3	0.624
19880831	0	13	0.571
19880901	4.4	13.3	0.537
19880902	0.5	15.3	0.53
19880903	0.9	16.1	0.495
19880904	0	14.5	0.471
19880905	0	11.3	0.456
19880906	0	11.9	0.443
19880907	0	12.8	0.429
19880908	0	12.6	0.416
19880909	0	15.3	0.404
19880910	0	14.9	0.392
19880911	0	14	0.38
19880912	1.9	10.1	0.371
19880913	4	10.7	0.371
19880914	0.1	10.2	0.372
19880915	0	10.6	0.363
19880916	0	12.1	0.352
19880917	0.1	9.4	0.342
19880918	0.9	9.9	0.333
19880919	0.1	13.2	0.325
19880920	0	14.1	0.316
19880921	0	9.8	0.307
19880922	1.3	9.8	0.299
19880923	2	12.3	0.296
19880924	1.6	11.5	0.295
19880925	0.5	11.8	0.291
19880926	6	9.3	0.294
19880927	0.8	10.2	0.304
19880928	2.6	11.9	0.299
19880929	2.5	10.4	0.301
19880930	0	9.1	0.3
19881001	0	7	0.291
19881002	0	10.5	0.283
19881003	0	10.1	0.274
19881004	0.2	6.8	0.266
19881005	0	7.6	0.259
19881006	7.3	10.4	0.268
19881007	5.2	8.6	0.303
19881008	0.2	8.2	0.31
19881009	3.5	8	0.293
19881010	0	7.8	0.294
19881011	0	2	0.286
19881012	0	1.8	0.278
19881013	1.4	8.1	0.272
19881014	0	10	0.268
19881015	0	7.7	0.261
19881016	0	4.9	0.253
19881017	0.3	3.8	0.246
19881018	0	5.9	0.239
19881019	0	6.9	0.232
19881020	0	5.7	0.225
19881021	0	3	0.219
19881022	0	3.5	0.212
19881023	0	5.1	0.206
19881024	0	-2.8	0.199
19881025	0	-2.9	0.193
19881026	3.1	0.5	0.193
19881027	27.6	3.5	0.342
19881028	29.2	4.8	0.833
19881029	0	-3	1.239
19881030	0	-5.8	1.177
19881031	0.2	-3.9	1.06
19881101	17.4	-0.9	1.138
19881102	0	-5.7	1.376
19881103	0	-0.4	1.291
19881104	0	0.3	1.168
19881105	0	2.2	1.055
19881106	0	-0.2	0.952
19881107	0	-1.3	0.857
19881108	0	-6.5	0.771
19881109	0	-5	0.692
19881110	0	-0.5	0.62
19881111	0	4.1	0.554
19881112	0	3.4	0.494
19881113	0	0.9	0.441
19881114	0	0	0.406
19881115	0	-1.3	0.392
19881116	0	1.6	0.38
19881117	5.7	1.1	0.423
19881118	1.2	-3	0.5
19881119	0	-7.9	0.46
19881120	0	-10	0.415
19881121	0	-11.8	0.393
19881122	0.1	-2.1	0.38
19881123	0	-1	0.369
19881124	0	0.9	0.362
19881125	0	2.4	0.36
19881126	0	-3.5	0.35
19881127	0	-5.5	0.34
19881128	10.2	-6.8	0.33
19881129	1.2	-4.4	0.32
19881130	0	-14	0.31
19881201	0	-18.4	0.301
19881202	0	-16.3	0.292
19881203	0	-16.7	0.283
19881204	6.5	-3.8	0.275
19881205	4.7	0	0.363
19881206	1.6	-2.5	0.519
19881207	0	-3.8	0.484
19881208	2	-2.3	0.425
19881209	0	-2	0.371
19881210	1.3	-7.8	0.333
19881211	0	-5	0.319
19881212	0	-6.4	0.309
19881213	0	-0.3	0.32
19881214	0	-2.8	0.34
19881215	0	-7.8	0.319
19881216	0.2	-1.2	0.307
19881217	0	-1.5	0.298
19881218	9.1	-6.5	0.289
19881219	0.4	-3.5	0.28
19881220	1	-13.6	0.272
19881221	1.5	-1.6	0.264
19881222	1	1.2	0.392
19881223	0	-0.3	0.675
19881224	0	-2.6	0.74
19881225	1	-8.5	0.673
19881226	10.4	-3.6	0.599
19881227	6.2	-1.5	0.532
19881228	0	-1.4	0.471
19881229	0	4.1	0.748
19881230	0.7	2	1.312
19881231	0	1.5	1.294
19890101	0.1	-2.5	1.177
19890102	0	1.5	1.068
19890103	0	3	0.969
19890104	0.1	1.6	0.878
19890105	0.8	2.8	0.81
19890106	0	-2	0.755
19890107	0	-1.2	0.684
19890108	0.2	-1	0.616
19890109	0	4.3	0.556
19890110	0	1.9	0.504
19890111	0	-0.9	0.463
19890112	3	3.6	0.482
19890113	1.3	3.1	0.548
19890114	4.1	2.1	0.614
19890115	0.2	6.2	0.691
19890116	0	5.1	0.648
19890117	0	4.3	0.586
19890118	0	-0.4	0.53
19890119	0	2.3	0.492
19890120	0	5.2	0.474
19890121	0	3	0.46
19890122	0	1.7	0.446
19890123	1.5	0	0.447
19890124	0	3.1	0.455
19890125	0	4.1	0.437
19890126	0	0.8	0.422
19890127	0	3.9	0.41
19890128	0	6.5	0.397
19890129	0	4.4	0.385
19890130	0	4.8	0.374
19890131	0	0.3	0.363
19890201	0	1.6	0.352
19890202	0	3.6	0.341
19890203	0	6.1	0.331
19890204	0.7	7.2	0.325
19890205	0.2	3.9	0.325
19890206	0.2	6.4	0.32
19890207	0.8	7.8	0.318
19890208	0	2.9	0.318
19890209	0	-1.8	0.31
19890210	0	0.3	0.3
19890211	0	2.5	0.291
19890212	0	3.3	0.283
19890213	1.5	0.6	0.287
19890214	3.2	1.4	0.344
19890215	1.2	0.6	0.421
19890216	0	-0.2	0.418
19890217	0	-1	0.371
19890218	8.4	-3	0.335
19890219	1.3	3.4	0.445
19890220	0	1.7	0.646
19890221	0	0.1	0.61
19890222	0.1	-1	0.543
19890223	5.3	0.6	0.574
19890224	0	1.3	0.685
19890225	12.3	0.9	0.853
19890226	3.5	3.6	1.242
19890227	4.1	3.6	1.376
19890228	0.9	2.1	1.425
19890301	0.3	2.5	1.352
19890302	0	1.3	1.244
19890303	0	-0.7	1.133
19890304	0.6	0.9	1.04
19890305	4.4	2.4	1.044
19890306	0	-0.1	1.101
19890307	0.1	2.8	1.023
19890308	0	2.3	0.933
19890309	0.9	1.8	0.864
19890310	6.2	3.7	0.925
19890311	3.1	4.8	1.111
19890312	0	3.7	1.146
19890313	9.6	1.7	1.233
19890314	0.1	4.2	1.458
19890315	0	2	1.379
19890316	4.4	1.1	1.341
19890317	0	1.1	1.377
19890318	0.8	0.8	1.293
19890319	0.1	4.6	1.211
19890320	3.1	4.7	1.169
19890321	2.2	5	1.213
19890322	4.3	3.8	1.275
19890323	2.3	2.5	1.363
19890324	6.9	1.6	1.47
19890325	0.2	3.1	1.596
19890326	0	4.1	1.5
19890327	0	2.9	1.374
19890328	0.2	6.6	1.262
19890329	0	6.3	1.161
19890330	1.7	3.5	1.092
19890331	1.9	2.9	1.086
19890401	0.1	0	1.063
19890402	0.6	-1.5	0.983
19890403	0.1	-1.7	0.9
19890404	0	-2	0.823
19890405	0	-0.7	0.761
19890406	0.3	1.7	0.718
19890407	3.9	3	0.731
19890408	2.8	4	0.835
19890409	3.4	4.9	0.921
19890410	0.9	5.8	0.974
19890411	0.3	7.1	0.938
19890412	0	10.9	0.871
19890413	0	11.9	0.799
19890414	0	12.6	0.731
19890415	0	8.9	0.671
19890416	0.4	5.2	0.629
19890417	2.5	2.5	0.633
19890418	5.9	3.9	0.722
19890419	2.1	3.2	0.845
19890420	0.2	4.7	0.849
19890421	0	7	0.789
19890422	7.8	7.3	0.823
19890423	0.1	3.2	0.945
19890424	2	3.6	0.919
19890425	10.2	4.4	1.023
19890426	1.6	10	1.215
19890427	4.3	10	1.244
19890428	0.4	7.5	1.257
19890429	0	8	1.177
19890430	0	8.2	1.081
19890501	0	8.6	0.992
19890502	0	11.6	0.91
19890503	0	13.7	0.834
19890504	0	12.6	0.765
19890505	0.1	10.8	0.702
19890506	0.1	9	0.656
19890507	0.2	9.9	0.633
19890508	0	11.6	0.615
19890509	7	9.4	0.641
19890510	0.1	8.9	0.693
19890511	0	8.7	0.649
19890512	8.9	7.8	0.663
19890513	3.9	9.5	0.766
19890514	4	8.8	0.808
19890515	0	11.8	0.808
19890516	0	14.7	0.747
19890517	0	12.7	0.683
19890518	0	13.7	0.633
19890519	0	14.9	0.606
19890520	0	13	0.587
19890521	0	10.9	0.569
19890522	0	15	0.552
19890523	0	18.4	0.535
19890524	0	18.9	0.519
19890525	0	19.2	0.504
19890526	1.2	13.2	0.49
19890527	0.1	11.9	0.479
19890528	0.2	13.9	0.465
19890529	0	13.1	0.452
19890530	1.8	11.5	0.44
19890531	28.7	6.2	0.526
19890601	2.3	8.9	0.686
19890602	0	11.2	0.665
19890603	0.7	10	0.605
19890604	4.6	10	0.571
19890605	0	12.6	0.554
19890606	0	13.8	0.508
19890607	17.4	12.6	0.544
19890608	6.7	12.8	0.676
19890609	0	12.8	0.698
19890610	0.9	12.4	0.645
19890611	0	15	0.592
19890612	0	16.7	0.539
19890613	0	15.3	0.505
19890614	0	11.7	0.488
19890615	0	12.6	0.473
19890616	0	13.5	0.459
19890617	0	18.3	0.445
19890618	0	16.4	0.432
19890619	0	17.2	0.419
19890620	3.3	20.2	0.41
19890621	1	19.2	0.404
19890622	0.4	21.3	0.394
19890623	0	20.4	0.383
19890624	0	16.6	0.372
19890625	0	15.4	0.361
19890626	0	20.6	0.35
19890627	0	20.1	0.339
19890628	16	18.4	0.341
19890629	0.1	13.9	0.351
19890630	0	13.9	0.337
19890701	0	14.6	0.326
19890702	0	15.4	0.316
19890703	0	18.2	0.307
19890704	0	21.7	0.297
19890705	0	22.8	0.289
19890706	0	21	0.28
19890707	0	23.6	0.271
19890708	0	23.6	0.263
19890709	1	18.8	0.256
19890710	0.3	14.1	0.249
19890711	0	17.1	0.241
19890712	0	16.3	0.234
19890713	8.7	16.9	0.229
19890714	6.3	11.6	0.228
19890715	0.2	13.1	0.226
19890716	1.2	11.8	0.22
19890717	0	12.4	0.214
19890718	0	12.6	0.208
19890719	0	14.1	0.202
19890720	0	16.7	0.196
19890721	0	17	0.19
19890722	0.7	18.1	0.184
19890723	0	21.2	0.179
19890724	0	21.1	0.174
19890725	0	22.3	0.169
19890726	0	22.2	0.164
19890727	2.2	20.9	0.159
19890728	0	18.2	0.155
19890729	0.2	17.8	0.15
19890730	0.8	18	0.146
19890731	52.2	16	0.193
19890801	1.2	14.2	0.272
19890802	1.7	15.3	0.248
19890803	20.9	14.8	0.267
19890804	9.7	14.3	0.366
19890805	3.4	15.6	0.407
19890806	0	17.3	0.385
19890807	0.7	16.8	0.337
19890808	0	16.9	0.296
19890809	0	17.9	0.27
19890810	2.3	17.2	0.262
19890811	3.5	17.5	0.264
19890812	0.9	17.6	0.265
19890813	0	16.1	0.26
19890814	0	16	0.253
19890815	8.4	16.3	0.259
19890816	13.8	18.6	0.314
19890817	10.7	16.7	0.41
19890818	0.8	14.6	0.456
19890819	0	15.8	0.417
19890820	1.6	15.9	0.371
19890821	0	19.7	0.341
19890822	0	16.9	0.32
19890823	7.5	15.4	0.327
19890824	2.5	12.4	0.347
19890825	0	9.9	0.337
19890826	0.1	11	0.324
19890827	0	10.8	0.315
19890828	0	10.4	0.305
19890829	0	10.3	0.296
19890830	0	12.5	0.287
19890831	1.7	13.8	0.281
19890901	0.7	12.6	0.277
19890902	0	13.9	0.271
19890903	0.4	12.5	0.264
19890904	0	11.5	0.257
19890905	0	13	0.249
19890906	0	16.5	0.242
19890907	0	13.3	0.234
19890908	0.2	12	0.228
19890909	0	11.5	0.221
19890910	0	9.3	0.214
19890911	0	7.9	0.208
19890912	0	11.4	0.202
19890913	0	11.9	0.196
19890914	3.4	10.8	0.193
19890915	2	12.5	0.194
19890916	2.9	10.5	0.195
19890917	5.3	8.4	0.2
19890918	0	11.5	0.205
19890919	0.2	15.7	0.2
19890920	0	14.6	0.195
19890921	0	16.6	0.189
19890922	0	14.7	0.183
19890923	0.5	14.6	0.178
19890924	0	14.4	0.174
19890925	0	11.4	0.169
19890926	0.1	12.5	0.164
19890927	0	13.5	0.159
19890928	0	8.5	0.154
19890929	0	6.4	0.15
19890930	0	7.1	0.145
19891001	0	6.1	0.141
19891002	0	6.2	0.136
19891003	0	6.6	0.132
19891004	0	7.7	0.128
19891005	0	8.5	0.125
19891006	0.2	9.1	0.121
19891007	0	6.7	0.118
19891008	0.5	4.7	0.114
19891009	2.2	5.7	0.113
19891010	0.2	4.7	0.113
19891011	0	2.9	0.11
19891012	4.4	3.2	0.11
19891013	0	5.3	0.113
19891014	0	5.4	0.111
19891015	0	3	0.108
19891016	9.1	2.7	0.114
19891017	0.3	6.1	0.128
19891018	0.4	4.7	0.124
19891019	0	8.2	0.12
19891020	0.5	9.8	0.117
19891021	20.3	9.8	0.17
19891022	6	10.7	0.279
19891023	0	9.7	0.292
19891024	0.1	8.6	0.248
19891025	0.8	9.4	0.21
19891026	0	9	0.192
19891027	0	5.2	0.185
19891028	1.3	5.7	0.181
19891029	22.1	7.4	0.284
19891030	3	6.9	0.477
19891031	0.9	5.6	0.484
19891101	0.2	5.5	0.438
19891102	0	5.7	0.384
19891103	9.1	6.3	0.393
19891104	0.2	7	0.458
19891105	8	5	0.479
19891106	0.6	4	0.54
19891107	6.1	7.6	0.551
19891108	0	4.1	0.585
19891109	0.2	6	0.533
19891110	0.1	5.6	0.476
19891111	0.9	8.1	0.43
19891112	0	9.7	0.396
19891113	0	3	0.366
19891114	1.6	3.3	0.358
19891115	0	1.8	0.357
19891116	0	0.9	0.348
19891117	0	-0.5	0.337
19891118	0	-0.8	0.327
19891119	0.2	-0.5	0.318
19891120	2	0	0.316
19891121	4.5	-3.8	0.319
19891122	0.1	-3	0.311
19891123	0	-6.3	0.302
19891124	0	-7.8	0.293
19891125	0.4	-8	0.284
19891126	0	-4.6	0.276
19891127	2.7	-2.3	0.267
19891128	0	-5.2	0.259
19891129	0	-2.6	0.252
19891130	0	-2.3	0.244
19891201	0	-2.7	0.237
19891202	0	-0.4	0.243
19891203	0	1.9	0.281
19891204	0	0.2	0.303
19891205	0	-1.9	0.276
19891206	0	1.7	0.263
19891207	0	-2.5	0.255
19891208	0	-5.6	0.248
19891209	0.3	-11.1	0.24
19891210	2.1	-5.5	0.233
19891211	1.5	-6.8	0.226
19891212	0.3	-7.5	0.219
19891213	0	-11.7	0.213
19891214	0	-18.7	0.206
19891215	0	-23.7	0.2
19891216	2.9	-8.1	0.194
19891217	10	-4.4	0.188
19891218	1.7	2.3	0.329
19891219	0.9	2	0.588
19891220	0	-2.2	0.575
19891221	4.9	-1.7	0.507
19891222	0	-2.1	0.443
19891223	7.7	-1.4	0.385
19891224	0.1	-0.4	0.359
19891225	0.5	3.4	0.457
19891226	0	3.9	0.591
19891227	0	2	0.548
19891228	0	-1.3	0.484
19891229	0	-4.6	0.427
19891230	0	-5.1	0.377
19891231	0	-5.9	0.346
19900101	0	-6.5	0.334
19900102	0	-5.7	0.324
19900103	0	-5.7	0.314
19900104	0	-1.5	0.305
19900105	0	-1.3	0.296
19900106	0	-3.2	0.287
19900107	1.2	0.5	0.284
19900108	0	1.5	0.285
19900109	0	1.6	0.278
19900110	5.7	1.5	0.33
19900111	0.3	2.8	0.423
19900112	3.3	-0.7	0.436
19900113	0.7	2.3	0.472
19900114	0.1	-1	0.443
19900115	9.3	1.8	0.518
19900116	1.1	2.1	0.714
19900117	0.5	3.5	0.707
19900118	0	-0.1	0.65
19900119	3.1	-2.3	0.583
19900120	6.2	1	0.646
19900121	0	-1.2	0.816
19900122	4.5	-0.3	0.834
19900123	7.7	2.9	1
19900124	0.4	2.8	1.155
19900125	5.3	0.6	1.176
19900126	8.6	0.4	1.374
19900127	0	-7.1	1.542
19900128	10.8	-1.3	1.442
19900129	0	2	1.463
19900130	1.7	1.2	1.645
19900131	4	3.1	1.667
19900201	0.1	4.2	1.666
19900202	2.7	3.2	1.591
19900203	0.6	3.3	1.556
19900204	0.2	2	1.458
19900205	0	7	1.341
19900206	0	6.8	1.225
19900207	3.7	3.5	1.184
19900208	3.7	2.5	1.274
19900209	0	0.9	1.307
19900210	0	4	1.211
19900211	0.9	2.4	1.122
19900212	1.3	1.8	1.079
19900213	6.6	2.1	1.155
19900214	0.2	0.6	1.296
19900215	0.1	-1.1	1.222
19900216	0	-2.8	1.118
19900217	2.6	-3.4	1.022
19900218	0	0.8	0.974
19900219	1.1	3.6	0.986
19900220	0.4	8.7	0.957
19900221	0.7	7.4	0.907
19900222	0	6.1	0.855
19900223	0	8.4	0.784
19900224	15.5	7.1	1.008
19900225	2.8	4.1	1.529
19900226	22.3	2.8	2.565
19900227	9.8	1.1	4.649
19900228	0	-0.2	4.939
19900301	0	-0.9	3.709
19900302	0	-0.9	2.694
19900303	2.3	-1.3	2.149
19900304	3.6	1.9	2.051
19900305	0.2	4.6	2.099
19900306	0	2.1	1.962
19900307	1.5	0.7	1.833
19900308	3.1	4.9	1.805
19900309	5.9	2	1.906
19900310	0	-0.4	1.995
19900311	8.7	-1.5	1.862
19900312	0.2	1.3	1.857
19900313	0	-1.9	1.984
19900314	0	-0.2	1.859
19900315	1.5	5.5	1.738
19900316	0	8.4	1.654
19900317	0	10.2	1.526
19900318	0	10.3	1.401
19900319	0	10.1	1.286
19900320	0.2	6.3	1.185
19900321	6.4	4.9	1.218
19900322	0	7.5	1.353
19900323	0.3	5.6	1.279
19900324	0.1	7.7	1.187
19900325	0	4.1	1.095
19900326	0	2.7	1.005
19900327	0	3.6	0.923
19900328	0	4.2	0.847
19900329	0	4.9	0.777
19900330	0	7.2	0.713
19900331	0	9.5	0.664
19900401	4.1	8.5	0.697
19900402	14.1	1.9	1.008
19900403	4.1	5.5	1.465
19900404	0.9	1	1.555
19900405	0	0.3	1.475
19900406	7.4	1.7	1.485
19900407	0	-1.7	1.604
19900408	0	0.8	1.504
19900409	0	5.2	1.382
19900410	0.3	5.1	1.274
19900411	0.4	3.1	1.186
19900412	0.1	6	1.104
19900413	1.1	6.9	1.035
19900414	1.1	6.7	1
19900415	1.6	8.7	0.978
19900416	1.3	7.2	0.966
19900417	1.6	4.9	0.952
19900418	0.2	6.2	0.925
19900419	0	5.8	0.86
19900420	0	8.2	0.791
19900421	0	9.2	0.726
19900422	0	9.3	0.676
19900423	0	10.5	0.649
19900424	0	11	0.629
19900425	0	10.8	0.61
19900426	1.4	10.9	0.598
19900427	0	7.2	0.59
19900428	0.5	7.5	0.576
19900429	0	11.5	0.562
19900430	0	16.5	0.545
19900501	0	15.2	0.529
19900502	0	17.3	0.513
19900503	0	19.2	0.498
19900504	0	17	0.483
19900505	0	18.1	0.468
19900506	0	17.4	0.454
19900507	0	15.4	0.441
19900508	0	14	0.427
19900509	0	15.1	0.415
19900510	0	17.2	0.402
19900511	0	10.4	0.39
19900512	0	8.9	0.378
19900513	4.1	10.6	0.373
19900514	2.5	9	0.376
19900515	0	14.4	0.372
19900516	6	8.8	0.372
19900517	0.8	6.9	0.38
19900518	0	7.5	0.369
19900519	0	8.6	0.357
19900520	0	9.5	0.347
19900521	0	10.3	0.336
19900522	0	9	0.326
19900523	1.7	10.3	0.318
19900524	3.8	11	0.317
19900525	0.3	9.1	0.316
19900526	1.8	5.9	0.31
19900527	0.1	7.5	0.305
19900528	0	10.5	0.296
19900529	0.1	11.2	0.288
19900530	0	13.9	0.279
19900531	0	14.1	0.271
19900601	0	14.5	0.263
19900602	0	14.1	0.255
19900603	0	15.8	0.247
19900604	0.3	15.9	0.24
19900605	0.6	13.8	0.234
19900606	0	12.4	0.227
19900607	0	11.2	0.221
19900608	0	14	0.214
19900609	0	15.1	0.208
19900610	0	15.2	0.201
19900611	8.6	15.5	0.199
19900612	0	15	0.201
19900613	0	14.7	0.196
19900614	0	13.9	0.19
19900615	0.7	13.5	0.185
19900616	6.5	15.3	0.182
19900617	1.9	11.4	0.183
19900618	3.8	11.6	0.182
19900619	0	14.7	0.18
19900620	6.9	13.9	0.178
19900621	9.9	16	0.185
19900622	4	15.3	0.194
19900623	1.3	16	0.195
19900624	0	16.1	0.192
19900625	0	17.8	0.186
19900626	0	16.9	0.18
19900627	1.3	17.2	0.176
19900628	9.9	14.6	0.177
19900629	0	17.6	0.182
19900630	0	16.3	0.178
19900701	12.4	16.1	0.181
19900702	2.7	15.1	0.192
19900703	3.7	14.6	0.192
19900704	0	14.9	0.192
19900705	19.1	14.5	0.218
19900706	4.8	14.2	0.271
19900707	0.8	15.4	0.263
19900708	2.6	14.7	0.239
19900709	0.6	15.4	0.233
19900710	0.5	15.1	0.229
19900711	1.5	15	0.224
19900712	2.6	15.3	0.223
19900713	0.6	14.4	0.221
19900714	0	14.7	0.216
19900715	0.5	17	0.21
19900716	8.9	14.9	0.214
19900717	2.2	15.8	0.226
19900718	4.6	15.3	0.227
19900719	5.9	13.6	0.235
19900720	0.9	16.4	0.241
19900721	8.2	16.9	0.25
19900722	3	14.6	0.267
19900723	2.4	14.4	0.265
19900724	0	15.4	0.262
19900725	0	16.1	0.255
19900726	0	17.3	0.247
19900727	0	19.8	0.24
19900728	0	20.7	0.233
19900729	8	16.2	0.234
19900730	0.6	17.9	0.242
19900731	5.8	16.4	0.242
19900801	0	17.7	0.245
19900802	0	19.7	0.239
19900803	0	21	0.232
19900804	0	20.6	0.225
19900805	0.9	19	0.219
19900806	0.3	14.2	0.214
19900807	0	14.5	0.208
19900808	0.2	14	0.202
19900809	0.7	15.1	0.196
19900810	0	14.6	0.191
19900811	0	16.1	0.186
19900812	0	15.7	0.18
19900813	12.4	17.4	0.184
19900814	0.1	17.1	0.194
19900815	0	18.3	0.188
19900816	3	17.4	0.184
19900817	0.4	17.7	0.182
19900818	0.9	15.4	0.178
19900819	0.4	14.8	0.174
19900820	0	14	0.169
19900821	0	15.5	0.164
19900822	0	16	0.159
19900823	0	15.3	0.155
19900824	1.2	11.6	0.15
19900825	5.5	9.8	0.15
19900826	0.2	11.9	0.151
19900827	0	12.1	0.147
19900828	0	16.3	0.143
19900829	0	17.7	0.139
19900830	0	16.3	0.134
19900831	0	16.6	0.13
19900901	20.6	14.9	0.147
19900902	18.9	13	0.215
19900903	0	12.9	0.265
19900904	0	11	0.229
19900905	0	11.2	0.196
19900906	3.8	10.6	0.19
19900907	4.6	11.5	0.197
19900908	0.2	12.1	0.202
19900909	12.2	11.3	0.227
19900910	0	13	0.264
19900911	0	9.9	0.238
19900912	0.6	9.1	0.225
19900913	0	10.3	0.219
19900914	0.4	11.3	0.213
19900915	1.2	10.5	0.21
19900916	0	9.7	0.206
19900917	0	8.4	0.2
19900918	7.6	10.1	0.209
19900919	14.6	9.8	0.279
19900920	4.3	9.7	0.374
19900921	12.3	7.6	0.44
19900922	21.6	8.7	0.659
19900923	0.2	6.6	0.879
19900924	0	6.7	0.826
19900925	9	5.5	0.811
19900926	0.1	4.4	0.861
19900927	0	5	0.792
19900928	1.5	7.3	0.722
19900929	2.7	9.4	0.691
19900930	0.1	6.1	0.664
19901001	0.1	6.4	0.601
19901002	3.8	5.9	0.569
19901003	0	10.2	0.567
19901004	6.1	9.4	0.565
19901005	11	9.7	0.702
19901006	0.2	7.2	0.837
19901007	13.4	5	0.92
19901008	1.6	3.7	1.106
19901009	0.1	9.9	1.072
19901010	0	9.4	0.979
19901011	0	5.9	0.888
19901012	0	5.1	0.805
19901013	0	9.2	0.728
19901014	0	8.9	0.658
19901015	0	10.6	0.594
19901016	0	11.1	0.536
19901017	0	10.5	0.493
19901018	3.4	6.1	0.497
19901019	0.5	5.9	0.519
19901020	0	3.3	0.494
19901021	0	1.1	0.475
19901022	0	2	0.461
19901023	0	2.4	0.447
19901024	0	0	0.433
19901025	0	-1.3	0.42
19901026	0	-0.4	0.408
19901027	0	5.2	0.396
19901028	0	6.8	0.384
19901029	13.7	6.5	0.504
19901030	4.2	6.2	0.769
19901031	2.8	3.9	0.849
19901101	4.2	1.4	0.889
19901102	0.4	0.6	0.91
19901103	0	1.8	0.845
19901104	0	1.2	0.765
19901105	0	0.6	0.69
19901106	0	3.2	0.622
19901107	0	5.7	0.559
19901108	0	6	0.504
19901109	0	1.6	0.465
19901110	0	0	0.448
19901111	0	-0.6	0.435
19901112	0	1.8	0.422
19901113	3.9	1.5	0.445
19901114	5	4.5	0.548
19901115	4.8	2.7	0.682
19901116	14.8	4.5	0.95
19901117	0.5	2.2	1.27
19901118	0	-0.9	1.221
19901119	0.2	-2	1.113
19901120	0.4	-1.5	1.012
19901121	1.6	-4.2	0.919
19901122	1.1	-8	0.834
19901123	0.2	-2.8	0.757
19901124	9.5	0.1	0.871
19901125	2.5	0.4	1.181
19901126	0	-4.1	1.197
19901127	0	-6.1	1.101
19901128	8.6	-2.8	1.004
19901129	0	-0.6	0.938
19901130	0	-6.3	0.9
19901201	0	0.9	0.912
19901202	0	1.6	0.995
19901203	0	4.7	0.929
19901204	0	1	0.847
19901205	0	-3.5	0.771
19901206	0	1.1	0.702
19901207	9.8	4.1	0.803
19901208	2.8	0.1	1.091
19901209	0	-3.5	1.129
19901210	0.6	-2.9	1.044
19901211	1.7	-0.9	0.992
19901212	0.1	-0.4	0.98
19901213	0	-6.2	0.909
19901214	0	-2.3	0.831
19901215	0	-0.9	0.759
19901216	0	0.4	0.693
19901217	0	-0.7	0.634
19901218	1.4	-1.2	0.594
19901219	3.6	-0.5	0.646
19901220	0.6	-2.5	0.749
19901221	0	-10	0.704
19901222	5.1	-10.8	0.642
19901223	3.4	0.7	0.73
19901224	0	2.9	0.939
19901225	1.3	0.3	0.919
19901226	3.4	0.8	0.949
19901227	1.4	2.7	1.02
19901228	0	0.6	0.999
19901229	12	1	1.151
19901230	0	0.8	1.49
19901231	0	-4.1	1.424
19910101	0	-6.5	1.306
19910102	14.4	0.5	1.484
19910103	0	2	1.905
19910104	6.9	0.2	1.961
19910105	2	2.3	2.109
19910106	0	1.6	2.051
19910107	2.8	-0.1	1.952
19910108	4.5	0.1	1.997
19910109	8.9	0.3	2.437
19910110	11.5	-1.8	2.83
19910111	1.1	-3.4	2.296
19910112	0	-4.4	2.033
19910113	0	-12.5	1.864
19910114	0	-7.8	1.712
19910115	0	-7.8	1.573
19910116	0	-6.6	1.444
19910117	0	-6	1.326
19910118	0	-3	1.218
19910119	0	-0.8	1.12
19910120	1.3	1.8	1.276
19910121	0	0.7	1.635
19910122	0	-1.8	1.563
19910123	0	1.2	1.436
19910124	0	-1.1	1.319
19910125	0	1.2	1.211
19910126	2.6	1.3	1.169
19910127	0	-1.1	1.181
19910128	0	0.3	1.099
19910129	0	-1.8	1.009
19910130	0	-3	0.927
19910131	0	-2.4	0.851
19910201	0	-4.5	0.781
19910202	0.1	-6.9	0.717
19910203	0	-4.2	0.669
19910204	0	-7.8	0.646
19910205	0	-5	0.626
19910206	0	-5.8	0.607
19910207	0	-9	0.589
19910208	0.9	-7.3	0.572
19910209	0	-4.5	0.554
19910210	1.2	-4.6	0.538
19910211	0.9	-5.8	0.522
19910212	3.9	-5.4	0.506
19910213	1	-5.3	0.491
19910214	0.7	-7.2	0.476
19910215	0.2	-10.2	0.462
19910216	0	-12.9	0.448
19910217	0.8	-8.2	0.435
19910218	0	-7.6	0.421
19910219	1	-3.4	0.409
19910220	0	0.8	0.572
19910221	0	2.2	0.867
19910222	0	1.8	0.83
19910223	10.1	2.1	0.971
19910224	0	5.4	1.3
19910225	0	3.6	1.238
19910226	0	-1.3	1.126
19910227	0	-2.2	1.023
19910228	3.6	-3	0.929
19910301	0	-1.4	0.843
19910302	0.5	-0.8	0.793
19910303	3.5	-0.5	0.893
19910304	0.2	0	1.052
19910305	0	-4.3	0.996
19910306	0	-1.4	0.907
19910307	0	1.4	0.825
19910308	0	0.6	0.749
19910309	0	0	0.68
19910310	0.7	0.5	0.632
19910311	0.4	3	0.609
19910312	0	3.7	0.574
19910313	11.9	0	0.777
19910314	4.3	2.7	1.274
19910315	0	0	1.4
19910316	0	-2	1.304
19910317	0	1	1.192
19910318	1.6	2.5	1.123
19910319	4.1	3.6	1.175
19910320	1.2	5.3	1.27
19910321	6.3	3.6	1.361
19910322	1.9	3.1	1.539
19910323	1.9	0.8	1.556
19910324	0.7	-1.4	1.509
19910325	0	2.6	1.404
19910326	0.2	5.1	1.312
19910327	0	4.4	1.212
19910328	0	3.6	1.111
19910329	0	4.6	1.017
19910330	1.4	3.1	0.957
19910331	0.4	2.5	0.934
19910401	0.8	6.8	0.891
19910402	0	8	0.846
19910403	0	9.3	0.777
19910404	0.6	6.7	0.722
19910405	0.1	7.1	0.681
19910406	0.2	7.2	0.638
19910407	0	6.7	0.611
19910408	2.9	5.6	0.628
19910409	0	5.1	0.664
19910410	0	6.5	0.624
19910411	0	10.4	0.591
19910412	0	9.3	0.572
19910413	0	10.1	0.555
19910414	0	6.5	0.538
19910415	0	7.7	0.522
19910416	6.2	4.2	0.578
19910417	1.5	-1.2	0.682
19910418	0.1	-2.6	0.639
19910419	0	-1.3	0.579
19910420	0.1	-1.2	0.535
19910421	0	0.2	0.521
19910422	0	2.1	0.518
19910423	0	4.2	0.504
19910424	0	5.8	0.489
19910425	0	4.4	0.474
19910426	4.5	2.2	0.504
19910427	0	5.5	0.561
19910428	0	6.5	0.52
19910429	0	5.1	0.481
19910430	0.2	4.5	0.464
19910501	7.6	4.5	0.528
19910502	2.4	5	0.67
19910503	1.6	6.5	0.698
19910504	0	5.8	0.672
19910505	0	6.9	0.612
19910506	0	5.9	0.552
19910507	0	6.4	0.506
19910508	0	8.4	0.483
19910509	0	7.6	0.468
19910510	0	11.1	0.454
19910511	0	12.1	0.44
19910512	0	11.8	0.427
19910513	0.3	11.3	0.415
19910514	7.3	7.8	0.45
19910515	8.2	5.4	0.578
19910516	5.2	5	0.704
19910517	0	5.3	0.737
19910518	0	7	0.676
19910519	0.2	9.7	0.611
19910520	0.2	12.2	0.554
19910521	0.2	12.5	0.504
19910522	0.4	10.3	0.469
19910523	0.1	8.1	0.455
19910524	0	8.1	0.442
19910525	4.2	7.7	0.445
19910526	1.3	8.3	0.46
19910527	0	10.3	0.445
19910528	0	13.2	0.431
19910529	0	15.3	0.418
19910530	0	14.7	0.405
19910531	0	12.3	0.393
19910601	0	8	0.381
19910602	0	8.7	0.37
19910603	1.9	9.2	0.362
19910604	20.4	6.7	0.449
19910605	2.8	10.2	0.612
19910606	0	10.8	0.604
19910607	3.2	11.4	0.562
19910608	11.9	9	0.607
19910609	1.7	9.9	0.693
19910610	12.9	11.8	0.749
19910611	1	12.2	0.85
19910612	8.6	13.2	0.864
19910613	4.6	12	0.931
19910614	0	12.7	0.922
19910615	1.6	11.5	0.855
19910616	3.8	13.2	0.819
19910617	1.5	13	0.802
19910618	20	10.3	0.89
19910619	0.1	12.1	1.076
19910620	0	13.5	1.015
19910621	0.1	12.7	0.924
19910622	8.1	12.6	0.897
19910623	0.7	15.1	0.924
19910624	2.2	13.9	0.877
19910625	0	15.2	0.826
19910626	9.2	12.2	0.811
19910627	7.4	13.8	0.893
19910628	13.8	11.7	1.019
19910629	0.9	12.8	1.136
19910630	2.2	13.4	1.091
19910701	0.4	13.5	1.031
19910702	0	17.9	0.95
19910703	0	19.3	0.868
19910704	0	21	0.791
19910705	0	22.1	0.721
19910706	0	23.3	0.657
19910707	0	23.7	0.603
19910708	0	22.4	0.568
19910709	0.1	21.2	0.55
19910710	3.9	17.2	0.538
19910711	0	16.5	0.53
19910712	0	17.8	0.515
19910713	1.4	16.8	0.501
19910714	2.6	15.8	0.491
19910715	1.2	16.6	0.483
19910716	26.9	16	0.548
19910717	7.7	15.8	0.696
19910718	4.2	16.8	0.733
19910719	7.8	15.3	0.745
19910720	4.7	15.8	0.773
19910721	3.7	16	0.773
19910722	0.2	15.5	0.744
19910723	0	16.9	0.682
19910724	0	17.3	0.618
19910725	0	16.4	0.563
19910726	0	16.5	0.527
19910727	0	18.1	0.509
19910728	0	17.9	0.493
19910729	0	18.9	0.479
19910730	0	20.1	0.464
19910731	0	19.7	0.45
19910801	0.2	19.8	0.437
19910802	2.3	19.7	0.426
19910803	0	21	0.417
19910804	0	21.5	0.405
19910805	0	19.4	0.393
19910806	2.3	17.8	0.383
19910807	0.1	18.2	0.375
19910808	4.1	17.6	0.367
19910809	4.1	17.4	0.364
19910810	6.6	15.7	0.364
19910811	2.9	16.1	0.366
19910812	4.5	14.5	0.365
19910813	0	14.2	0.362
19910814	0.6	14.5	0.352
19910815	0	15.9	0.343
19910816	4.9	15.5	0.336
19910817	0.4	16.9	0.334
19910818	5.3	15.2	0.33
19910819	4.3	16	0.333
19910820	1.5	16.2	0.333
19910821	0	16.4	0.326
19910822	0	17.1	0.317
19910823	0	18.8	0.307
19910824	16.5	17.5	0.327
19910825	13.2	14.1	0.403
19910826	0	15.6	0.443
19910827	5.8	15.5	0.42
19910828	0	13.5	0.407
19910829	0	13.3	0.371
19910830	0	15.4	0.35
19910831	0	16	0.339
19910901	0	18.7	0.329
19910902	0	17.1	0.319
19910903	0	17	0.309
19910904	0	14.9	0.3
19910905	0	11.1	0.291
19910906	2.3	7.9	0.284
19910907	0	6.8	0.28
19910908	0	9.2	0.272
19910909	0	10.3	0.264
19910910	1.4	12.4	0.257
19910911	1.1	8.2	0.253
19910912	0.1	8.5	0.247
19910913	0	10.4	0.24
19910914	4.3	10.5	0.237
19910915	0.1	13.5	0.237
19910916	0.1	11.1	0.232
19910917	0.3	10.9	0.225
19910918	4.1	7.8	0.223
19910919	0	13.1	0.223
19910920	0.4	10.6	0.217
19910921	0	10	0.212
19910922	13	11.6	0.229
19910923	4.1	10.6	0.269
19910924	4.9	9.8	0.274
19910925	0	13.2	0.27
19910926	15.7	11.2	0.304
19910927	0.5	8.1	0.379
19910928	0	6.7	0.347
19910929	9.7	6.8	0.346
19910930	9.7	9.7	0.439
19911001	3.3	10.3	0.517
19911002	0.9	8.1	0.513
19911003	0.8	5.4	0.474
19911004	0	10.4	0.428
19911005	1.8	9.9	0.389
19911006	0.2	9.5	0.372
19911007	0.2	5.4	0.36
19911008	0	8.3	0.35
19911009	0.1	10.2	0.34
19911010	0.4	8	0.331
19911011	1.1	7.6	0.325
19911012	0	7	0.32
19911013	0	7.6	0.311
19911014	6.7	8.3	0.33
19911015	2.9	8	0.38
19911016	3.7	9.2	0.399
19911017	5.9	10	0.439
19911018	3.1	6.4	0.492
19911019	0.3	3.9	0.49
19911020	0	-1.7	0.444
19911021	0	-1.8	0.399
19911022	0	3.1	0.375
19911023	0	1.7	0.363
19911024	0.1	4.1	0.352
19911025	0	6.3	0.342
19911026	0	4.7	0.332
19911027	0.1	6.3	0.322
19911028	3.2	5.1	0.325
19911029	0.2	4.7	0.335
19911030	0	4.3	0.323
19911031	0	4	0.313
19911101	0.1	3.5	0.304
19911102	9.3	6.1	0.356
19911103	12.7	7.7	0.557
19911104	0.2	6.2	0.724
19911105	13.4	4	0.812
19911106	1.6	1.7	1
19911107	4.1	2.8	1.013
19911108	2.4	3.8	1.031
19911109	0.1	0.9	0.996
19911110	0.4	-1.5	0.909
19911111	10.6	0.8	0.95
19911112	0	3.2	1.105
19911113	8.3	3.5	1.14
19911114	0.5	2.7	1.242
19911115	0	1.8	1.168
19911116	0	-2.4	1.063
19911117	0	-5.1	0.965
19911118	0	-0.4	0.875
19911119	0	-2.7	0.792
19911120	0	-4.9	0.717
19911121	1.6	-2.6	0.648
19911122	0.5	3.4	0.609
19911123	0.1	4.6	0.595
19911124	0.1	6.3	0.547
19911125	0	6.6	0.505
19911126	0.6	4.4	0.488
19911127	0	5.4	0.478
19911128	0	6.4	0.465
19911129	0	3.8	0.451
19911130	0	3.7	0.437
19911201	0	5.2	0.424
19911202	0	-0.8	0.411
19911203	0	-0.2	0.399
19911204	0	0.4	0.387
19911205	0	-1.2	0.376
19911206	0.9	-0.2	0.369
19911207	0.1	0.2	0.367
19911208	0	-0.5	0.358
19911209	0	-3.6	0.347
19911210	0	-0.5	0.337
19911211	0	1.2	0.327
19911212	0	1	0.317
19911213	2.2	6.5	0.326
19911214	0	1.4	0.344
19911215	2	-1.7	0.324
19911216	0	-3.8	0.313
19911217	6.1	1.3	0.4
19911218	0	2.8	0.556
19911219	4.7	0.5	0.588
19911220	2.3	2.3	0.686
19911221	0	-1.7	0.695
19911222	2.8	-6.1	0.631
19911223	0	0.9	0.597
19911224	0	-4.4	0.597
19911225	9.3	-4.9	0.542
19911226	4.2	-0.3	0.597
19911227	0	-4.7	0.748
19911228	0	-1.7	0.702
19911229	0	2	0.701
19911230	0	1	0.763
19911231	0	-4.2	0.706